<?xml version="1.0" encoding="utf-8"?>
<COLLADA xmlns="http://www.collada.org/2005/11/COLLADASchema" version="1.4.1">
  <asset>
    <contributor>
      <author>Mixamo</author>
      <authoring_tool>COLLADA Mixamo exporter</authoring_tool>
      <comments/>
    </contributor>
    <created>2026-03-30T05:22:21Z</created>
    <modified>2026-03-30T05:22:21Z</modified>
    <revision/>
    <title/>
    <unit meter="0.010000"/>
    <up_axis>Y_UP</up_axis>
  </asset>
  <library_animations>
    <animation id="mixamorig_Hips-anim" name="mixamorig_Hips">
      <source id="mixamorig_Hips-Matrix-animation-input">
        <float_array id="mixamorig_Hips-Matrix-animation-input-array" count="99">

0.000000 0.033333 0.066667 0.100000 0.133333 0.166667 0.200000 0.233333 0.266667 0.300000 0.333333 0.366667 0.400000 0.433333 0.466667 0.500000
0.533333 0.566667 0.600000 0.633333 0.666667 0.700000 0.733333 0.766667 0.800000 0.833333 0.866667 0.900000 0.933333 0.966667 1.000000 1.033333
1.066667 1.100000 1.133333 1.166667 1.200000 1.233333 1.266667 1.300000 1.333333 1.366667 1.400000 1.433333 1.466667 1.500000 1.533333 1.566667
1.600000 1.633333 1.666667 1.700000 1.733333 1.766667 1.800000 1.833333 1.866667 1.900000 1.933333 1.966667 2.000000 2.033333 2.066667 2.100000
2.133333 2.166667 2.200000 2.233333 2.266667 2.300000 2.333333 2.366667 2.400000 2.433333 2.466667 2.500000 2.533333 2.566667 2.600000 2.633333
2.666667 2.700000 2.733333 2.766667 2.800000 2.833333 2.866667 2.900000 2.933333 2.966667 3.000000 3.033333 3.066667 3.100000 3.133333 3.166667
3.200000 3.233333 3.266667</float_array>
        <technique_common>
          <accessor source="#mixamorig_Hips-Matrix-animation-input-array" count="99">
            <param name="TIME" type="float"/>
          </accessor>
        </technique_common>
      </source>
      <source id="mixamorig_Hips-Matrix-animation-output-transform">
        <float_array id="mixamorig_Hips-Matrix-animation-output-transform-array" count="1584">

0.730795 0.047369 -0.680952 0.462658 0.007594 0.996963 0.077502 135.731781 0.682555 -0.061810 0.728216 -0.708722 0.000000 0.000000 0.000000 1.000000
0.730795 0.047369 -0.680952 0.462658 0.007594 0.996963 0.077502 135.731781 0.682555 -0.061810 0.728216 -0.708722 0.000000 0.000000 0.000000 1.000000
0.732863 0.047578 -0.678711 0.488283 0.006077 0.997054 0.076456 135.677490 0.680349 -0.060157 0.730415 -0.733317 0.000000 0.000000 0.000000 1.000000
0.735858 0.047808 -0.675446 0.585561 0.002455 0.997310 0.073263 135.536743 0.677131 -0.055569 0.733761 -0.754671 0.000000 0.000000 0.000000 1.000000
0.737953 0.047925 -0.673148 0.763666 -0.001810 0.997612 0.069042 135.356491 0.674850 -0.049732 0.736278 -0.710797 0.000000 0.000000 0.000000 1.000000
0.740592 0.047714 -0.670259 1.032500 -0.006786 0.997956 0.063544 135.141006 0.671921 -0.042512 0.739402 -0.539568 0.000000 0.000000 0.000000 1.000000
0.743882 0.046619 -0.666683 1.337034 -0.012035 0.998337 0.056381 134.930084 0.668202 -0.033918 0.743206 -0.183542 0.000000 0.000000 0.000000 1.000000
0.746838 0.044201 -0.663536 1.660751 -0.016452 0.998711 0.048011 134.760117 0.664803 -0.024940 0.746603 0.368357 0.000000 0.000000 0.000000 1.000000
0.749776 0.040518 -0.660450 2.043938 -0.020525 0.999067 0.037991 134.648560 0.661374 -0.014929 0.749908 1.161777 0.000000 0.000000 0.000000 1.000000
0.751875 0.035800 -0.658333 2.523714 -0.024132 0.999350 0.026784 134.581787 0.658863 -0.004251 0.752251 2.183814 0.000000 0.000000 0.000000 1.000000
0.753153 0.030596 -0.657134 3.093957 -0.027717 0.999507 0.014770 134.521179 0.657261 0.007090 0.753629 3.436512 0.000000 0.000000 0.000000 1.000000
0.750559 0.025356 -0.660317 3.785110 -0.032890 0.999458 0.000993 134.611557 0.659984 0.020973 0.750987 4.911893 0.000000 0.000000 0.000000 1.000000
0.743836 0.020657 -0.668043 4.538108 -0.038308 0.999197 -0.011757 134.917221 0.667264 0.034337 0.744030 6.635030 0.000000 0.000000 0.000000 1.000000
0.739263 0.016601 -0.673212 5.297179 -0.044650 0.998705 -0.024403 135.362289 0.671935 0.048099 0.739046 8.513237 0.000000 0.000000 0.000000 1.000000
0.728604 0.008890 -0.684877 6.102477 -0.053990 0.997550 -0.044489 136.062500 0.682804 0.069391 0.727299 10.494693 0.000000 0.000000 0.000000 1.000000
0.715513 0.003718 -0.698589 6.924897 -0.064631 0.996050 -0.060895 136.896042 0.695603 0.088722 0.712927 12.498446 0.000000 0.000000 0.000000 1.000000
0.699412 0.002031 -0.714716 7.689706 -0.075699 0.994582 -0.071252 137.785339 0.710698 0.103938 0.695776 14.462868 0.000000 0.000000 0.000000 1.000000
0.684784 0.001726 -0.728744 8.475128 -0.088298 0.992826 -0.080620 138.673065 0.723377 0.119554 0.680024 16.320187 0.000000 0.000000 0.000000 1.000000
0.674254 0.003783 -0.738490 9.401278 -0.101721 0.990931 -0.087797 139.654190 0.731460 0.134318 0.668524 18.137262 0.000000 0.000000 0.000000 1.000000
0.662721 0.006237 -0.748841 10.304841 -0.113967 0.989158 -0.092621 140.569839 0.740144 0.146725 0.656246 19.823694 0.000000 0.000000 0.000000 1.000000
0.651311 0.010232 -0.758742 11.007043 -0.124333 0.987834 -0.093407 141.272614 0.748555 0.155173 0.644660 21.386219 0.000000 0.000000 0.000000 1.000000
0.641287 0.013223 -0.767187 11.453040 -0.133174 0.986595 -0.094314 141.654877 0.755656 0.162652 0.634451 22.721706 0.000000 0.000000 0.000000 1.000000
0.632623 0.015447 -0.774306 11.674273 -0.140433 0.985515 -0.095076 141.775040 0.761621 0.168885 0.625628 23.827414 0.000000 0.000000 0.000000 1.000000
0.622855 0.013472 -0.782221 11.772685 -0.144304 0.984674 -0.097946 141.709686 0.768913 0.173884 0.615253 24.819651 0.000000 0.000000 0.000000 1.000000
0.614087 0.010948 -0.789162 11.817312 -0.148073 0.983746 -0.101576 141.760712 0.775224 0.179230 0.605727 25.933590 0.000000 0.000000 0.000000 1.000000
0.607382 0.009256 -0.794356 11.776321 -0.150151 0.983246 -0.103352 141.805618 0.780091 0.182047 0.598596 26.994514 0.000000 0.000000 0.000000 1.000000
0.602152 0.005364 -0.798363 11.515545 -0.147062 0.983612 -0.104311 141.465088 0.784720 0.180220 0.593073 27.806467 0.000000 0.000000 0.000000 1.000000
0.600026 0.000806 -0.799980 11.004836 -0.140808 0.984493 -0.104622 140.674194 0.787491 0.175420 0.590835 28.376461 0.000000 0.000000 0.000000 1.000000
0.600030 0.001978 -0.799975 10.932961 -0.141951 0.984391 -0.104038 140.621002 0.787283 0.175983 0.590945 29.286894 0.000000 0.000000 0.000000 1.000000
0.596605 0.001869 -0.802533 11.167836 -0.142308 0.984396 -0.103500 140.714066 0.789817 0.175956 0.587562 30.144512 0.000000 0.000000 0.000000 1.000000
0.587299 0.002372 -0.809367 11.267972 -0.144247 0.984293 -0.101785 140.793900 0.796413 0.176527 0.578416 30.944054 0.000000 0.000000 0.000000 1.000000
0.574313 0.000271 -0.818636 11.511129 -0.146769 0.983831 -0.102640 140.967896 0.805371 0.179098 0.565067 31.799669 0.000000 0.000000 0.000000 1.000000
0.555389 -0.003920 -0.831582 11.923624 -0.151275 0.982828 -0.105665 141.411896 0.817716 0.184483 0.545259 32.815681 0.000000 0.000000 0.000000 1.000000
0.529676 -0.010015 -0.848141 12.498905 -0.157520 0.981374 -0.109963 142.013840 0.833445 0.191844 0.518233 33.758450 0.000000 0.000000 0.000000 1.000000
0.502848 -0.014697 -0.864250 13.231995 -0.163105 0.980280 -0.111569 142.779556 0.848847 0.197066 0.490535 34.596699 0.000000 0.000000 0.000000 1.000000
0.485260 -0.016180 -0.874220 14.049163 -0.168886 0.979267 -0.111868 143.700745 0.857905 0.201929 0.472466 35.265125 0.000000 0.000000 0.000000 1.000000
0.485072 -0.017225 -0.874305 14.542364 -0.170679 0.978712 -0.113977 144.142578 0.857656 0.204512 0.471806 35.513519 0.000000 0.000000 0.000000 1.000000
0.492030 -0.020230 -0.870343 14.734392 -0.166119 0.979179 -0.116671 143.908890 0.854582 0.201986 0.478425 35.366455 0.000000 0.000000 0.000000 1.000000
0.497144 -0.024275 -0.867329 14.643848 -0.156808 0.980635 -0.117327 143.038513 0.853381 0.194332 0.483710 34.911316 0.000000 0.000000 0.000000 1.000000
0.499443 -0.027475 -0.865911 14.352239 -0.148070 0.982083 -0.116566 142.109253 0.853599 0.186434 0.486426 34.596230 0.000000 0.000000 0.000000 1.000000
0.497350 -0.025306 -0.867181 14.454015 -0.149521 0.982117 -0.114414 142.215897 0.854568 0.186566 0.484672 34.837639 0.000000 0.000000 0.000000 1.000000
0.490818 -0.025392 -0.870892 14.703763 -0.151533 0.981853 -0.114029 142.505035 0.857984 0.187937 0.478063 35.100117 0.000000 0.000000 0.000000 1.000000
0.480197 -0.027568 -0.876727 14.948439 -0.155182 0.981070 -0.115845 142.923752 0.863324 0.191681 0.466829 35.250774 0.000000 0.000000 0.000000 1.000000
0.471702 -0.028156 -0.881309 15.121840 -0.160734 0.979998 -0.117338 143.518768 0.866985 0.197005 0.457741 35.291050 0.000000 0.000000 0.000000 1.000000
0.469308 -0.027052 -0.882620 15.127656 -0.165364 0.979155 -0.117939 143.995026 0.867413 0.201303 0.455052 34.997211 0.000000 0.000000 0.000000 1.000000
0.469598 -0.028670 -0.882415 15.007375 -0.166831 0.978585 -0.120578 144.273895 0.866975 0.203838 0.454758 34.449829 0.000000 0.000000 0.000000 1.000000
0.469301 -0.031272 -0.882485 14.827679 -0.167194 0.978149 -0.123575 144.495087 0.867066 0.205540 0.453817 33.758175 0.000000 0.000000 0.000000 1.000000
0.470158 -0.034217 -0.881919 14.581520 -0.166452 0.977879 -0.126678 144.690399 0.866744 0.206356 0.454062 32.904396 0.000000 0.000000 0.000000 1.000000
0.471389 -0.037455 -0.881130 14.241994 -0.164246 0.977890 -0.129437 144.738647 0.866496 0.205737 0.454815 31.877865 0.000000 0.000000 0.000000 1.000000
0.472955 -0.041025 -0.880131 13.809051 -0.160802 0.978120 -0.132003 144.661484 0.866289 0.203959 0.456010 30.789927 0.000000 0.000000 0.000000 1.000000
0.475171 -0.044818 -0.878751 13.261806 -0.156144 0.978556 -0.134341 144.479874 0.865928 0.201047 0.457983 29.639816 0.000000 0.000000 0.000000 1.000000
0.477741 -0.048650 -0.877152 12.581017 -0.149703 0.979353 -0.135855 144.256653 0.865651 0.196216 0.460594 28.398212 0.000000 0.000000 0.000000 1.000000
0.481939 -0.053952 -0.874542 11.820131 -0.142959 0.979886 -0.139232 144.040512 0.864464 0.192125 0.464532 27.065243 0.000000 0.000000 0.000000 1.000000
0.489261 -0.058814 -0.870152 10.997406 -0.136856 0.980186 -0.143201 143.850021 0.861333 0.189148 0.471518 25.652012 0.000000 0.000000 0.000000 1.000000
0.498661 -0.063082 -0.864499 10.184793 -0.130713 0.980470 -0.146942 143.585220 0.856885 0.186276 0.480676 24.145185 0.000000 0.000000 0.000000 1.000000
0.508482 -0.066526 -0.858499 9.409166 -0.125257 0.980691 -0.150183 143.350693 0.851914 0.183898 0.490331 22.673481 0.000000 0.000000 0.000000 1.000000
0.518379 -0.070519 -0.852238 8.594583 -0.117757 0.981214 -0.152817 143.026993 0.847004 0.179574 0.500337 21.075676 0.000000 0.000000 0.000000 1.000000
0.529651 -0.075371 -0.844861 7.711411 -0.107110 0.982128 -0.154765 142.595612 0.841426 0.172465 0.512112 19.329672 0.000000 0.000000 0.000000 1.000000
0.542259 -0.079821 -0.836411 6.763652 -0.094441 0.983378 -0.155074 141.967941 0.834887 0.163082 0.525707 17.393854 0.000000 0.000000 0.000000 1.000000
0.558236 -0.081664 -0.825653 5.738330 -0.080509 0.985116 -0.151869 141.278381 0.825766 0.151252 0.543353 15.355734 0.000000 0.000000 0.000000 1.000000
0.578497 -0.080879 -0.811665 4.779205 -0.065599 0.987236 -0.145128 140.539215 0.813042 0.137200 0.565808 13.179598 0.000000 0.000000 0.000000 1.000000
0.601682 -0.077822 -0.794935 3.735761 -0.052348 0.989260 -0.136468 139.854950 0.797018 0.123723 0.591147 11.090740 0.000000 0.000000 0.000000 1.000000
0.623484 -0.074668 -0.778262 2.654122 -0.041438 0.990874 -0.128263 139.255402 0.780737 0.112219 0.614700 9.056137 0.000000 0.000000 0.000000 1.000000
0.636799 -0.073833 -0.767487 1.685826 -0.030635 0.992196 -0.120868 138.798676 0.770421 0.100480 0.629567 7.183463 0.000000 0.000000 0.000000 1.000000
0.642523 -0.073251 -0.762757 0.809713 -0.020285 0.993445 -0.112493 138.561066 0.765998 0.087752 0.636826 5.612055 0.000000 0.000000 0.000000 1.000000
0.644739 -0.072404 -0.760966 0.014751 -0.011024 0.994520 -0.103966 138.536102 0.764323 0.075420 0.640408 4.251540 0.000000 0.000000 0.000000 1.000000
0.646165 -0.070378 -0.759946 -0.736494 -0.000766 0.995679 -0.092860 138.725189 0.763197 0.060585 0.643319 3.205555 0.000000 0.000000 0.000000 1.000000
0.648744 -0.070030 -0.757778 -1.414806 0.009130 0.996401 -0.084266 138.969269 0.760952 0.047749 0.647049 2.389840 0.000000 0.000000 0.000000 1.000000
0.650583 -0.067916 -0.756392 -2.019870 0.018012 0.997093 -0.074036 139.188217 0.759221 0.034542 0.649915 1.761534 0.000000 0.000000 0.000000 1.000000
0.655642 -0.065018 -0.752267 -2.559830 0.026829 0.997663 -0.062845 139.332703 0.754595 0.021022 0.655854 1.309583 0.000000 0.000000 0.000000 1.000000
0.659682 -0.063732 -0.748838 -2.983418 0.034620 0.997917 -0.054433 139.415146 0.750747 0.009984 0.660515 1.013997 0.000000 0.000000 0.000000 1.000000
0.664900 -0.061843 -0.744368 -3.352191 0.040899 0.998086 -0.046389 139.411209 0.745811 0.000400 0.666157 0.807740 0.000000 0.000000 0.000000 1.000000
0.670733 -0.058375 -0.739398 -3.657009 0.045008 0.998264 -0.037984 139.341644 0.740332 -0.007802 0.672196 0.694846 0.000000 0.000000 0.000000 1.000000
0.674799 -0.055204 -0.735934 -3.849838 0.047630 0.998377 -0.031217 139.246201 0.736463 -0.013988 0.676333 0.679880 0.000000 0.000000 0.000000 1.000000
0.677774 -0.051277 -0.733480 -3.928812 0.047686 0.998531 -0.025742 139.140182 0.733722 -0.017530 0.679223 0.758003 0.000000 0.000000 0.000000 1.000000
0.680832 -0.047021 -0.730929 -3.970816 0.047377 0.998675 -0.020115 138.961365 0.730906 -0.020934 0.682157 0.894564 0.000000 0.000000 0.000000 1.000000
0.683943 -0.042550 -0.728293 -4.044988 0.046836 0.998799 -0.014369 138.631027 0.728030 -0.024283 0.685115 1.046585 0.000000 0.000000 0.000000 1.000000
0.687084 -0.037963 -0.725585 -4.065833 0.046173 0.998897 -0.008540 138.048508 0.725109 -0.027635 0.688079 1.213012 0.000000 0.000000 0.000000 1.000000
0.690227 -0.033342 -0.722824 -4.034156 0.045470 0.998962 -0.002660 137.211975 0.722163 -0.031031 0.691027 1.362675 0.000000 0.000000 0.000000 1.000000
0.693366 -0.028551 -0.720020 -3.882787 0.044499 0.999004 0.003238 136.311584 0.719210 -0.034285 0.693946 1.478322 0.000000 0.000000 0.000000 1.000000
0.696485 -0.023494 -0.717186 -3.661996 0.043092 0.999029 0.009121 135.648987 0.716276 -0.037258 0.696822 1.614011 0.000000 0.000000 0.000000 1.000000
0.699574 -0.018147 -0.714330 -3.451890 0.041486 0.999023 0.015250 135.049789 0.713355 -0.040303 0.699643 1.692122 0.000000 0.000000 0.000000 1.000000
0.702608 -0.012755 -0.711463 -3.170243 0.039465 0.998999 0.021064 134.668610 0.710482 -0.042878 0.702408 1.686258 0.000000 0.000000 0.000000 1.000000
0.705538 -0.007331 -0.708635 -2.849109 0.037262 0.998947 0.026765 134.673538 0.707692 -0.045289 0.705068 1.760159 0.000000 0.000000 0.000000 1.000000
0.708370 -0.001786 -0.705839 -2.557576 0.034725 0.998874 0.032322 135.033936 0.704987 -0.047406 0.707634 1.721434 0.000000 0.000000 0.000000 1.000000
0.711089 0.003751 -0.703092 -2.086897 0.032010 0.998776 0.037702 135.608963 0.702373 -0.049315 0.710099 1.714148 0.000000 0.000000 0.000000 1.000000
0.713680 0.009123 -0.700413 -1.615372 0.029310 0.998650 0.042873 136.095261 0.699858 -0.051127 0.712449 1.632679 0.000000 0.000000 0.000000 1.000000
0.716132 0.014228 -0.697819 -1.250972 0.026743 0.998499 0.047803 136.265259 0.697452 -0.052895 0.714677 1.513687 0.000000 0.000000 0.000000 1.000000
0.718450 0.019129 -0.695315 -0.991919 0.024191 0.998330 0.052461 136.329041 0.695157 -0.054511 0.716788 1.467936 0.000000 0.000000 0.000000 1.000000
0.720629 0.023850 -0.692910 -0.790162 0.021599 0.998151 0.056819 136.331238 0.692984 -0.055912 0.718782 1.322369 0.000000 0.000000 0.000000 1.000000
0.722632 0.028275 -0.690654 -0.634460 0.019103 0.997964 0.060844 136.307602 0.690969 -0.057161 0.720621 1.072059 0.000000 0.000000 0.000000 1.000000
0.724434 0.032304 -0.688587 -0.457511 0.016821 0.997776 0.064505 136.259048 0.689139 -0.058312 0.722279 0.861225 0.000000 0.000000 0.000000 1.000000
0.726040 0.035993 -0.686710 -0.213142 0.014649 0.997593 0.067775 136.207275 0.687496 -0.059267 0.723766 0.557874 0.000000 0.000000 0.000000 1.000000
0.727447 0.039347 -0.685035 0.008558 0.012557 0.997424 0.070624 136.173416 0.686049 -0.059977 0.725079 0.233221 0.000000 0.000000 0.000000 1.000000
0.728630 0.042220 -0.683605 0.156543 0.010722 0.997273 0.073021 136.134430 0.684824 -0.060535 0.726190 -0.004096 0.000000 0.000000 0.000000 1.000000
0.729569 0.044522 -0.682457 0.248044 0.009247 0.997145 0.074937 136.070862 0.683845 -0.060983 0.727074 -0.224947 0.000000 0.000000 0.000000 1.000000
0.730240 0.046131 -0.681632 0.338908 0.008275 0.997047 0.076342 135.975876 0.683141 -0.061389 0.727702 -0.388875 0.000000 0.000000 0.000000 1.000000
0.730648 0.047059 -0.681131 0.412367 0.007761 0.996985 0.077207 135.849915 0.682710 -0.061698 0.728080 -0.557079 0.000000 0.000000 0.000000 1.000000
0.730794 0.047355 -0.680953 0.462698 0.007594 0.996965 0.077481 135.731781 0.682555 -0.061794 0.728217 -0.708949 0.000000 0.000000 0.000000 1.000000</float_array>
        <technique_common>
          <accessor source="#mixamorig_Hips-Matrix-animation-output-transform-array" count="99" stride="16">
            <param type="float4x4"/>
          </accessor>
        </technique_common>
      </source>
      <source id="mixamorig_Hips-Interpolations">
        <Name_array id="mixamorig_Hips-Interpolations-array" count="99">
 LINEAR LINEAR LINEAR LINEAR LINEAR LINEAR LINEAR LINEAR LINEAR LINEAR LINEAR
LINEAR LINEAR LINEAR LINEAR LINEAR LINEAR LINEAR LINEAR LINEAR LINEAR LINEAR LINEAR
LINEAR LINEAR LINEAR LINEAR LINEAR LINEAR LINEAR LINEAR LINEAR LINEAR LINEAR LINEAR
LINEAR LINEAR LINEAR LINEAR LINEAR LINEAR LINEAR LINEAR LINEAR LINEAR LINEAR LINEAR
LINEAR LINEAR LINEAR LINEAR LINEAR LINEAR LINEAR LINEAR LINEAR LINEAR LINEAR LINEAR
LINEAR LINEAR LINEAR LINEAR LINEAR LINEAR LINEAR LINEAR LINEAR LINEAR LINEAR LINEAR
LINEAR LINEAR LINEAR LINEAR LINEAR LINEAR LINEAR LINEAR LINEAR LINEAR LINEAR LINEAR
LINEAR LINEAR LINEAR LINEAR LINEAR LINEAR LINEAR LINEAR LINEAR LINEAR LINEAR LINEAR
LINEAR LINEAR LINEAR LINEAR</Name_array>
        <technique_common>
          <accessor source="#mixamorig_Hips-Interpolations-array" count="99">
            <param type="name"/>
          </accessor>
        </technique_common>
      </source>
      <sampler id="mixamorig_Hips-Matrix-animation-transform">
        <input semantic="INPUT" source="#mixamorig_Hips-Matrix-animation-input"/>
        <input semantic="OUTPUT" source="#mixamorig_Hips-Matrix-animation-output-transform"/>
        <input semantic="INTERPOLATION" source="#mixamorig_Hips-Interpolations"/>
      </sampler>
      <channel source="#mixamorig_Hips-Matrix-animation-transform" target="mixamorig_Hips/matrix"/>
    </animation>
    <animation id="mixamorig_Spine-anim" name="mixamorig_Spine">
      <source id="mixamorig_Spine-Matrix-animation-input">
        <float_array id="mixamorig_Spine-Matrix-animation-input-array" count="99">

0.000000 0.033333 0.066667 0.100000 0.133333 0.166667 0.200000 0.233333 0.266667 0.300000 0.333333 0.366667 0.400000 0.433333 0.466667 0.500000
0.533333 0.566667 0.600000 0.633333 0.666667 0.700000 0.733333 0.766667 0.800000 0.833333 0.866667 0.900000 0.933333 0.966667 1.000000 1.033333
1.066667 1.100000 1.133333 1.166667 1.200000 1.233333 1.266667 1.300000 1.333333 1.366667 1.400000 1.433333 1.466667 1.500000 1.533333 1.566667
1.600000 1.633333 1.666667 1.700000 1.733333 1.766667 1.800000 1.833333 1.866667 1.900000 1.933333 1.966667 2.000000 2.033333 2.066667 2.100000
2.133333 2.166667 2.200000 2.233333 2.266667 2.300000 2.333333 2.366667 2.400000 2.433333 2.466667 2.500000 2.533333 2.566667 2.600000 2.633333
2.666667 2.700000 2.733333 2.766667 2.800000 2.833333 2.866667 2.900000 2.933333 2.966667 3.000000 3.033333 3.066667 3.100000 3.133333 3.166667
3.200000 3.233333 3.266667</float_array>
        <technique_common>
          <accessor source="#mixamorig_Spine-Matrix-animation-input-array" count="99">
            <param name="TIME" type="float"/>
          </accessor>
        </technique_common>
      </source>
      <source id="mixamorig_Spine-Matrix-animation-output-transform">
        <float_array id="mixamorig_Spine-Matrix-animation-output-transform-array" count="1584">

0.996562 0.029811 0.077302 -0.000000 -0.018787 0.990030 -0.139595 19.723700 -0.080693 0.137663 0.987187 0.753300 0.000000 0.000000 0.000000 1.000000
0.996562 0.029811 0.077302 -0.000000 -0.018787 0.990030 -0.139595 19.723700 -0.080693 0.137663 0.987187 0.753300 0.000000 0.000000 0.000000 1.000000
0.996586 0.029670 0.077039 0.000000 -0.018673 0.990015 -0.139721 19.723700 -0.080416 0.137805 0.987189 0.753300 0.000000 0.000000 0.000000 1.000000
0.996647 0.029474 0.076322 -0.000000 -0.018556 0.989978 -0.139994 19.723700 -0.079684 0.138109 0.987206 0.753300 0.000000 0.000000 0.000000 1.000000
0.996694 0.029249 0.075794 -0.000000 -0.018361 0.989903 -0.140549 19.723700 -0.079139 0.138693 0.987168 0.753300 0.000000 0.000000 0.000000 1.000000
0.996679 0.029152 0.076032 -0.000000 -0.018174 0.989804 -0.141272 19.723700 -0.079375 0.139421 0.987047 0.753300 0.000000 0.000000 0.000000 1.000000
0.996638 0.029405 0.076472 0.000000 -0.018298 0.989685 -0.142089 19.723700 -0.079861 0.140212 0.986896 0.753300 0.000000 0.000000 0.000000 1.000000
0.996636 0.030292 0.076156 -0.000000 -0.019153 0.989544 -0.142954 19.723700 -0.079690 0.141014 0.986795 0.753300 0.000000 0.000000 0.000000 1.000000
0.996608 0.031772 0.075918 -0.000000 -0.020566 0.989355 -0.144059 19.723700 -0.079687 0.142009 0.986653 0.753300 0.000000 0.000000 0.000000 1.000000
0.996565 0.033572 0.075702 0.000000 -0.022283 0.989135 -0.145314 19.723700 -0.079758 0.143128 0.986485 0.753300 0.000000 0.000000 0.000000 1.000000
0.996511 0.035773 0.075400 -0.000000 -0.024412 0.988902 -0.146547 19.723700 -0.079806 0.144195 0.986326 0.753300 0.000000 0.000000 0.000000 1.000000
0.996402 0.038273 0.075625 -0.000000 -0.026752 0.988646 -0.147865 19.723700 -0.080426 0.145310 0.986112 0.753300 0.000000 0.000000 0.000000 1.000000
0.996299 0.041386 0.075332 0.000000 -0.029739 0.988293 -0.149642 19.723700 -0.080643 0.146848 0.985866 0.753300 0.000000 0.000000 0.000000 1.000000
0.996304 0.044232 0.073628 -0.000000 -0.032693 0.987972 -0.151139 19.723700 -0.079427 0.148173 0.985767 0.753300 0.000000 0.000000 0.000000 1.000000
0.996256 0.047451 0.072273 0.000000 -0.036121 0.987918 -0.150712 19.723700 -0.078551 0.147537 0.985932 0.753300 0.000000 0.000000 0.000000 1.000000
0.996248 0.049916 0.070697 0.000000 -0.038765 0.987752 -0.151141 19.723700 -0.077375 0.147833 0.985981 0.753300 0.000000 0.000000 0.000000 1.000000
0.996320 0.051692 0.068373 0.000000 -0.040778 0.987484 -0.152353 19.723700 -0.075393 0.149004 0.985958 0.753300 0.000000 0.000000 0.000000 1.000000
0.996501 0.052507 0.065034 0.000000 -0.042027 0.987309 -0.153151 19.723700 -0.072250 0.149881 0.986061 0.753300 0.000000 0.000000 0.000000 1.000000
0.996703 0.051648 0.062574 0.000000 -0.041494 0.987213 -0.153914 19.723700 -0.069723 0.150811 0.986101 0.753300 0.000000 0.000000 0.000000 1.000000
0.996826 0.050371 0.061657 -0.000000 -0.040335 0.987187 -0.154383 19.723700 -0.068643 0.151406 0.986085 0.753300 0.000000 0.000000 0.000000 1.000000
0.996913 0.049440 0.060993 0.000000 -0.039455 0.987091 -0.155226 19.723700 -0.067880 0.152340 0.985994 0.753300 0.000000 0.000000 0.000000 1.000000
0.996963 0.049208 0.060368 0.000000 -0.039307 0.987062 -0.155443 19.723700 -0.067236 0.152598 0.985998 0.753300 0.000000 0.000000 0.000000 1.000000
0.996970 0.049670 0.059863 0.000000 -0.039827 0.987006 -0.155668 19.723700 -0.066817 0.152812 0.985994 0.753300 0.000000 0.000000 0.000000 1.000000
0.996875 0.051652 0.059771 -0.000000 -0.041794 0.986903 -0.155807 19.723700 -0.067036 0.152822 0.985977 0.753300 0.000000 0.000000 0.000000 1.000000
0.996809 0.052891 0.059792 -0.000000 -0.043036 0.986895 -0.155517 19.723700 -0.067234 0.152448 0.986022 0.753300 0.000000 0.000000 0.000000 1.000000
0.996764 0.053815 0.059709 -0.000000 -0.043970 0.986868 -0.155427 19.723700 -0.067289 0.152299 0.986041 0.753300 0.000000 0.000000 0.000000 1.000000
0.996633 0.056761 0.059168 -0.000000 -0.046965 0.986718 -0.155504 19.723700 -0.067209 0.152201 0.986062 0.753300 0.000000 0.000000 0.000000 1.000000
0.996483 0.060936 0.057516 0.000000 -0.051361 0.986525 -0.155340 19.723700 -0.066207 0.151840 0.986185 0.753300 0.000000 0.000000 0.000000 1.000000
0.996497 0.060916 0.057304 -0.000000 -0.051387 0.986554 -0.155144 19.723700 -0.065985 0.151656 0.986228 0.753300 0.000000 0.000000 0.000000 1.000000
0.996482 0.060141 0.058374 0.000000 -0.050455 0.986598 -0.155173 19.723700 -0.066924 0.151682 0.986161 0.753300 0.000000 0.000000 0.000000 1.000000
0.996357 0.060686 0.059918 0.000000 -0.050783 0.986634 -0.154835 19.723700 -0.068513 0.151228 0.986122 0.753300 0.000000 0.000000 0.000000 1.000000
0.996206 0.061309 0.061771 -0.000000 -0.051196 0.986783 -0.153745 19.723700 -0.070380 0.149999 0.986178 0.753300 0.000000 0.000000 0.000000 1.000000
0.996082 0.061713 0.063335 0.000000 -0.051487 0.987036 -0.152019 19.723700 -0.071895 0.148162 0.986346 0.753300 0.000000 0.000000 0.000000 1.000000
0.995929 0.062310 0.065139 -0.000000 -0.051938 0.987275 -0.150305 19.723700 -0.073676 0.146309 0.986491 0.753300 0.000000 0.000000 0.000000 1.000000
0.995783 0.062814 0.066867 0.000000 -0.052193 0.987280 -0.150179 19.723700 -0.075449 0.146055 0.986395 0.753300 0.000000 0.000000 0.000000 1.000000
0.995886 0.061917 0.066161 0.000000 -0.051354 0.987216 -0.150886 19.723700 -0.074658 0.146867 0.986335 0.753300 0.000000 0.000000 0.000000 1.000000
0.996186 0.061682 0.061719 0.000000 -0.051745 0.987127 -0.151336 19.723700 -0.070259 0.147565 0.986554 0.753300 0.000000 0.000000 0.000000 1.000000
0.996352 0.063735 0.056756 -0.000000 -0.054482 0.986905 -0.151825 19.723700 -0.065690 0.148179 0.986777 0.753300 0.000000 0.000000 0.000000 1.000000
0.996272 0.068655 0.052230 0.000000 -0.059971 0.986447 -0.152731 19.723700 -0.062008 0.149029 0.986887 0.753300 0.000000 0.000000 0.000000 1.000000
0.995953 0.074026 0.050978 0.000000 -0.065434 0.985996 -0.153397 19.723700 -0.061619 0.149440 0.986849 0.753300 0.000000 0.000000 0.000000 1.000000
0.995842 0.074114 0.052975 -0.000000 -0.065180 0.985911 -0.154047 19.723700 -0.063646 0.149953 0.986642 0.753300 0.000000 0.000000 0.000000 1.000000
0.995788 0.073138 0.055286 0.000000 -0.063869 0.986004 -0.154000 19.723700 -0.065776 0.149820 0.986523 0.753300 0.000000 0.000000 0.000000 1.000000
0.995779 0.072041 0.056870 -0.000000 -0.062606 0.986227 -0.153089 19.723700 -0.067115 0.148883 0.986575 0.753300 0.000000 0.000000 0.000000 1.000000
0.995837 0.070261 0.058076 -0.000000 -0.060717 0.986465 -0.152318 19.723700 -0.067992 0.148158 0.986624 0.753300 0.000000 0.000000 0.000000 1.000000
0.995951 0.068782 0.057888 0.000000 -0.059300 0.986597 -0.152018 19.723700 -0.067569 0.147970 0.986681 0.753300 0.000000 0.000000 0.000000 1.000000
0.996051 0.068067 0.057003 -0.000000 -0.058761 0.986716 -0.151454 19.723700 -0.066555 0.147506 0.986819 0.753300 0.000000 0.000000 0.000000 1.000000
0.996142 0.067552 0.056016 -0.000000 -0.058433 0.986818 -0.150916 19.723700 -0.065472 0.147060 0.986958 0.753300 0.000000 0.000000 0.000000 1.000000
0.996193 0.067144 0.055598 0.000000 -0.058108 0.986878 -0.150649 19.723700 -0.064984 0.146845 0.987023 0.753300 0.000000 0.000000 0.000000 1.000000
0.996167 0.067411 0.055736 0.000000 -0.058350 0.986857 -0.150692 19.723700 -0.065162 0.146862 0.987008 0.753300 0.000000 0.000000 0.000000 1.000000
0.996113 0.067778 0.056262 -0.000000 -0.058642 0.986854 -0.150601 19.723700 -0.065729 0.146716 0.986992 0.753300 0.000000 0.000000 0.000000 1.000000
0.996043 0.068275 0.056885 -0.000000 -0.059056 0.986859 -0.150403 19.723700 -0.066406 0.146449 0.986987 0.753300 0.000000 0.000000 0.000000 1.000000
0.995922 0.069429 0.057603 0.000000 -0.060095 0.986800 -0.150381 19.723700 -0.067284 0.146306 0.986948 0.753300 0.000000 0.000000 0.000000 1.000000
0.995838 0.070328 0.057971 -0.000000 -0.060961 0.986811 -0.149962 19.723700 -0.067753 0.145804 0.986991 0.753300 0.000000 0.000000 0.000000 1.000000
0.995864 0.070102 0.057791 -0.000000 -0.060796 0.986892 -0.149493 19.723700 -0.067513 0.145361 0.987072 0.753300 0.000000 0.000000 0.000000 1.000000
0.995954 0.069112 0.057445 0.000000 -0.059875 0.986971 -0.149340 19.723700 -0.067017 0.145296 0.987116 0.753300 0.000000 0.000000 0.000000 1.000000
0.996059 0.067193 0.057892 0.000000 -0.057920 0.987114 -0.149167 19.723700 -0.067169 0.145226 0.987116 0.753300 0.000000 0.000000 0.000000 1.000000
0.996153 0.065335 0.058406 0.000000 -0.056015 0.987249 -0.149004 19.723700 -0.067396 0.145160 0.987110 0.753300 0.000000 0.000000 0.000000 1.000000
0.996218 0.063778 0.059008 0.000000 -0.054393 0.987361 -0.148864 19.723700 -0.067756 0.145091 0.987096 0.753300 0.000000 0.000000 0.000000 1.000000
0.996308 0.062446 0.058908 0.000000 -0.053084 0.987424 -0.148917 19.723700 -0.067466 0.145240 0.987093 0.753300 0.000000 0.000000 0.000000 1.000000
0.996491 0.060173 0.058188 0.000000 -0.050907 0.987474 -0.149346 19.723700 -0.066445 0.145860 0.987071 0.753300 0.000000 0.000000 0.000000 1.000000
0.996720 0.056889 0.057562 -0.000000 -0.047699 0.987528 -0.150045 19.723700 -0.065380 0.146807 0.987002 0.753300 0.000000 0.000000 0.000000 1.000000
0.996983 0.052633 0.057058 0.000000 -0.043545 0.987694 -0.150213 19.723700 -0.064262 0.147275 0.987006 0.753300 0.000000 0.000000 0.000000 1.000000
0.997223 0.047668 0.057226 -0.000000 -0.038652 0.988013 -0.149455 19.723700 -0.063664 0.146828 0.987111 0.753300 0.000000 0.000000 0.000000 1.000000
0.997334 0.043867 0.058322 0.000000 -0.034804 0.988344 -0.148208 19.723700 -0.064144 0.145782 0.987235 0.753300 0.000000 0.000000 0.000000 1.000000
0.997349 0.040900 0.060182 -0.000000 -0.031664 0.988610 -0.147135 19.723700 -0.065514 0.144839 0.987284 0.753300 0.000000 0.000000 0.000000 1.000000
0.997311 0.038193 0.062550 0.000000 -0.028712 0.988865 -0.146021 19.723700 -0.067431 0.143832 0.987302 0.753300 0.000000 0.000000 0.000000 1.000000
0.997272 0.036266 0.064288 -0.000000 -0.026577 0.988982 -0.145631 19.723700 -0.068861 0.143525 0.987248 0.753300 0.000000 0.000000 0.000000 1.000000
0.997235 0.034969 0.065567 0.000000 -0.025170 0.989151 -0.144731 19.723700 -0.069917 0.142681 0.987296 0.753300 0.000000 0.000000 0.000000 1.000000
0.997177 0.033772 0.067057 0.000000 -0.023811 0.989271 -0.144138 19.723700 -0.071205 0.142134 0.987283 0.753300 0.000000 0.000000 0.000000 1.000000
0.997183 0.032275 0.067703 0.000000 -0.022263 0.989364 -0.143747 19.723700 -0.071622 0.141835 0.987296 0.753300 0.000000 0.000000 0.000000 1.000000
0.997165 0.031104 0.068518 -0.000000 -0.021041 0.989503 -0.142970 19.723700 -0.072245 0.141123 0.987352 0.753300 0.000000 0.000000 0.000000 1.000000
0.997161 0.030130 0.069002 -0.000000 -0.020071 0.989652 -0.142078 19.723700 -0.072568 0.140290 0.987448 0.753300 0.000000 0.000000 0.000000 1.000000
0.997164 0.029213 0.069357 0.000000 -0.019164 0.989773 -0.141360 19.723700 -0.072778 0.139630 0.987526 0.753300 0.000000 0.000000 0.000000 1.000000
0.997133 0.028397 0.070143 -0.000000 -0.018297 0.989891 -0.140642 19.723700 -0.073427 0.138955 0.987573 0.753300 0.000000 0.000000 0.000000 1.000000
0.997083 0.027121 0.071337 0.000000 -0.016931 0.990043 -0.139744 19.723700 -0.074417 0.138129 0.987615 0.753300 0.000000 0.000000 0.000000 1.000000
0.997033 0.026236 0.072373 0.000000 -0.015963 0.990160 -0.139024 19.723700 -0.075308 0.137456 0.987641 0.753300 0.000000 0.000000 0.000000 1.000000
0.996974 0.026206 0.073182 0.000000 -0.015907 0.990316 -0.137916 19.723700 -0.076088 0.136334 0.987737 0.753300 0.000000 0.000000 0.000000 1.000000
0.996915 0.026603 0.073837 0.000000 -0.016328 0.990516 -0.136427 19.723700 -0.076766 0.134801 0.987895 0.753300 0.000000 0.000000 0.000000 1.000000
0.996857 0.027320 0.074361 0.000000 -0.017098 0.990728 -0.134781 19.723700 -0.077354 0.133086 0.988081 0.753300 0.000000 0.000000 0.000000 1.000000
0.996808 0.027831 0.074822 0.000000 -0.017647 0.990894 -0.133480 19.723700 -0.077855 0.131733 0.988223 0.753300 0.000000 0.000000 0.000000 1.000000
0.996767 0.028365 0.075175 0.000000 -0.018203 0.991008 -0.132559 19.723700 -0.078259 0.130762 0.988320 0.753300 0.000000 0.000000 0.000000 1.000000
0.996723 0.029373 0.075373 0.000000 -0.019236 0.991082 -0.131858 19.723700 -0.078574 0.129976 0.988399 0.753300 0.000000 0.000000 0.000000 1.000000
0.996687 0.030008 0.075592 0.000000 -0.019842 0.991077 -0.131804 19.723700 -0.078873 0.129867 0.988389 0.753300 0.000000 0.000000 0.000000 1.000000
0.996657 0.030387 0.075839 0.000000 -0.020195 0.991083 -0.131709 19.723700 -0.079165 0.129737 0.988383 0.753300 0.000000 0.000000 0.000000 1.000000
0.996621 0.031234 0.075961 0.000000 -0.020949 0.990946 -0.132613 19.723700 -0.079416 0.130574 0.988253 0.753300 0.000000 0.000000 0.000000 1.000000
0.996613 0.030724 0.076277 -0.000000 -0.020255 0.990718 -0.134419 19.723700 -0.079698 0.132419 0.987984 0.753300 0.000000 0.000000 0.000000 1.000000
0.996606 0.030185 0.076587 -0.000000 -0.019536 0.990492 -0.136174 19.723700 -0.079969 0.134215 0.987720 0.753300 0.000000 0.000000 0.000000 1.000000
0.996584 0.030529 0.076742 0.000000 -0.019808 0.990404 -0.136773 19.723700 -0.080181 0.134786 0.987625 0.753300 0.000000 0.000000 0.000000 1.000000
0.996568 0.030636 0.076903 0.000000 -0.019928 0.990464 -0.136323 19.723700 -0.080346 0.134323 0.987675 0.753300 0.000000 0.000000 0.000000 1.000000
0.996556 0.030792 0.076997 0.000000 -0.020133 0.990564 -0.135565 19.723700 -0.080445 0.133548 0.987772 0.753300 0.000000 0.000000 0.000000 1.000000
0.996539 0.031334 0.076990 0.000000 -0.020694 0.990588 -0.135304 19.723700 -0.080505 0.133243 0.987808 0.753300 0.000000 0.000000 0.000000 1.000000
0.996529 0.031570 0.077026 0.000000 -0.020916 0.990570 -0.135403 19.723700 -0.080574 0.133322 0.987792 0.753300 0.000000 0.000000 0.000000 1.000000
0.996530 0.031377 0.077091 0.000000 -0.020624 0.990423 -0.136516 19.723700 -0.080636 0.134452 0.987634 0.753300 0.000000 0.000000 0.000000 1.000000
0.996543 0.030778 0.077173 0.000000 -0.019905 0.990246 -0.137898 19.723700 -0.080664 0.135885 0.987435 0.753300 0.000000 0.000000 0.000000 1.000000
0.996557 0.030081 0.077256 0.000000 -0.019121 0.990126 -0.138871 19.723700 -0.080670 0.136916 0.987292 0.753300 0.000000 0.000000 0.000000 1.000000
0.996566 0.029707 0.077294 0.000000 -0.018694 0.990048 -0.139485 19.723700 -0.080669 0.137562 0.987203 0.753300 0.000000 0.000000 0.000000 1.000000
0.996566 0.029584 0.077335 -0.000000 -0.018558 0.990035 -0.139591 19.723700 -0.080694 0.137676 0.987185 0.753300 0.000000 0.000000 0.000000 1.000000
0.996563 0.029571 0.077379 -0.000000 -0.018551 0.990056 -0.139445 19.723700 -0.080733 0.137530 0.987202 0.753300 0.000000 0.000000 0.000000 1.000000
0.996564 0.029552 0.077372 -0.000000 -0.018522 0.990038 -0.139574 19.723700 -0.080726 0.137661 0.987184 0.753300 0.000000 0.000000 0.000000 1.000000</float_array>
        <technique_common>
          <accessor source="#mixamorig_Spine-Matrix-animation-output-transform-array" count="99" stride="16">
            <param type="float4x4"/>
          </accessor>
        </technique_common>
      </source>
      <source id="mixamorig_Spine-Interpolations">
        <Name_array id="mixamorig_Spine-Interpolations-array" count="99">
 LINEAR LINEAR LINEAR LINEAR LINEAR LINEAR LINEAR LINEAR LINEAR LINEAR LINEAR
LINEAR LINEAR LINEAR LINEAR LINEAR LINEAR LINEAR LINEAR LINEAR LINEAR LINEAR LINEAR
LINEAR LINEAR LINEAR LINEAR LINEAR LINEAR LINEAR LINEAR LINEAR LINEAR LINEAR LINEAR
LINEAR LINEAR LINEAR LINEAR LINEAR LINEAR LINEAR LINEAR LINEAR LINEAR LINEAR LINEAR
LINEAR LINEAR LINEAR LINEAR LINEAR LINEAR LINEAR LINEAR LINEAR LINEAR LINEAR LINEAR
LINEAR LINEAR LINEAR LINEAR LINEAR LINEAR LINEAR LINEAR LINEAR LINEAR LINEAR LINEAR
LINEAR LINEAR LINEAR LINEAR LINEAR LINEAR LINEAR LINEAR LINEAR LINEAR LINEAR LINEAR
LINEAR LINEAR LINEAR LINEAR LINEAR LINEAR LINEAR LINEAR LINEAR LINEAR LINEAR LINEAR
LINEAR LINEAR LINEAR LINEAR</Name_array>
        <technique_common>
          <accessor source="#mixamorig_Spine-Interpolations-array" count="99">
            <param type="name"/>
          </accessor>
        </technique_common>
      </source>
      <sampler id="mixamorig_Spine-Matrix-animation-transform">
        <input semantic="INPUT" source="#mixamorig_Spine-Matrix-animation-input"/>
        <input semantic="OUTPUT" source="#mixamorig_Spine-Matrix-animation-output-transform"/>
        <input semantic="INTERPOLATION" source="#mixamorig_Spine-Interpolations"/>
      </sampler>
      <channel source="#mixamorig_Spine-Matrix-animation-transform" target="mixamorig_Spine/matrix"/>
    </animation>
    <animation id="mixamorig_Spine1-anim" name="mixamorig_Spine1">
      <source id="mixamorig_Spine1-Matrix-animation-input">
        <float_array id="mixamorig_Spine1-Matrix-animation-input-array" count="99">

0.000000 0.033333 0.066667 0.100000 0.133333 0.166667 0.200000 0.233333 0.266667 0.300000 0.333333 0.366667 0.400000 0.433333 0.466667 0.500000
0.533333 0.566667 0.600000 0.633333 0.666667 0.700000 0.733333 0.766667 0.800000 0.833333 0.866667 0.900000 0.933333 0.966667 1.000000 1.033333
1.066667 1.100000 1.133333 1.166667 1.200000 1.233333 1.266667 1.300000 1.333333 1.366667 1.400000 1.433333 1.466667 1.500000 1.533333 1.566667
1.600000 1.633333 1.666667 1.700000 1.733333 1.766667 1.800000 1.833333 1.866667 1.900000 1.933333 1.966667 2.000000 2.033333 2.066667 2.100000
2.133333 2.166667 2.200000 2.233333 2.266667 2.300000 2.333333 2.366667 2.400000 2.433333 2.466667 2.500000 2.533333 2.566667 2.600000 2.633333
2.666667 2.700000 2.733333 2.766667 2.800000 2.833333 2.866667 2.900000 2.933333 2.966667 3.000000 3.033333 3.066667 3.100000 3.133333 3.166667
3.200000 3.233333 3.266667</float_array>
        <technique_common>
          <accessor source="#mixamorig_Spine1-Matrix-animation-input-array" count="99">
            <param name="TIME" type="float"/>
          </accessor>
        </technique_common>
      </source>
      <source id="mixamorig_Spine1-Matrix-animation-output-transform">
        <float_array id="mixamorig_Spine1-Matrix-animation-output-transform-array" count="1584">

0.986151 0.059469 0.154824 0.000000 -0.027146 0.978791 -0.203056 23.027800 -0.163616 0.196041 0.966849 0.000000 0.000000 0.000000 0.000000 1.000000
0.986151 0.059469 0.154824 0.000000 -0.027146 0.978791 -0.203056 23.027800 -0.163616 0.196041 0.966849 0.000000 0.000000 0.000000 0.000000 1.000000
0.986253 0.059002 0.154347 0.000000 -0.026742 0.978757 -0.203274 23.027800 -0.163062 0.196352 0.966880 -0.000000 0.000000 0.000000 0.000000 1.000000
0.986509 0.058139 0.153033 0.000000 -0.026071 0.978676 -0.203750 23.027800 -0.161615 0.197012 0.966988 0.000000 0.000000 0.000000 0.000000 1.000000
0.986708 0.057156 0.152123 -0.000000 -0.025111 0.978489 -0.204767 23.027800 -0.160554 0.198225 0.966917 0.000000 0.000000 0.000000 0.000000 1.000000
0.986652 0.056421 0.152757 0.000000 -0.024029 0.978234 -0.206110 23.027800 -0.161061 0.199688 0.966532 0.000000 0.000000 0.000000 0.000000 1.000000
0.986500 0.056307 0.153779 -0.000000 -0.023448 0.977922 -0.207652 23.027800 -0.162076 0.201243 0.966040 0.000000 0.000000 0.000000 0.000000 1.000000
0.986519 0.057402 0.153250 0.000000 -0.024359 0.977539 -0.209344 23.027800 -0.161824 0.202789 0.965759 -0.000000 0.000000 0.000000 0.000000 1.000000
0.986457 0.059600 0.152810 0.000000 -0.026260 0.977016 -0.211540 23.027800 -0.161906 0.204663 0.965350 0.000000 0.000000 0.000000 0.000000 1.000000
0.986338 0.062462 0.152433 -0.000000 -0.028751 0.976398 -0.214057 23.027800 -0.162206 0.206750 0.964854 0.000000 0.000000 0.000000 0.000000 1.000000
0.986160 0.066160 0.152027 -0.000000 -0.032075 0.975742 -0.216562 23.027800 -0.162667 0.208688 0.964359 0.000000 0.000000 0.000000 0.000000 1.000000
0.985759 0.070485 0.152680 -0.000000 -0.035758 0.975013 -0.219249 23.027800 -0.164319 0.210667 0.963649 -0.000000 0.000000 0.000000 0.000000 1.000000
