<?xml version="1.0" encoding="utf-8"?>
<COLLADA xmlns="http://www.collada.org/2005/11/COLLADASchema" version="1.4.1">
  <asset>
    <contributor>
      <author>Mixamo</author>
      <authoring_tool>COLLADA Mixamo exporter</authoring_tool>
      <comments/>
    </contributor>
    <created>2026-03-19T17:36:17Z</created>
    <modified>2026-03-19T17:36:17Z</modified>
    <revision/>
    <title/>
    <unit meter="0.010000"/>
    <up_axis>Y_UP</up_axis>
  </asset>
  <library_animations>
    <animation id="mixamorig_Hips-anim" name="mixamorig_Hips">
      <source id="mixamorig_Hips-Matrix-animation-input">
        <float_array id="mixamorig_Hips-Matrix-animation-input-array" count="57">

0.000000 0.033333 0.066667 0.100000 0.133333 0.166667 0.200000 0.233333 0.266667 0.300000 0.333333 0.366667 0.400000 0.433333 0.466667 0.500000
0.533333 0.566667 0.600000 0.633333 0.666667 0.700000 0.733333 0.766667 0.800000 0.833333 0.866667 0.900000 0.933333 0.966667 1.000000 1.033333
1.066667 1.100000 1.133333 1.166667 1.200000 1.233333 1.266667 1.300000 1.333333 1.366667 1.400000 1.433333 1.466667 1.500000 1.533333 1.566667
1.600000 1.633333 1.666667 1.700000 1.733333 1.766667 1.800000 1.833333 1.866667</float_array>
        <technique_common>
          <accessor source="#mixamorig_Hips-Matrix-animation-input-array" count="57">
            <param name="TIME" type="float"/>
          </accessor>
        </technique_common>
      </source>
      <source id="mixamorig_Hips-Matrix-animation-output-transform">
        <float_array id="mixamorig_Hips-Matrix-animation-output-transform-array" count="912">

0.730780 0.048866 -0.680862 0.726100 0.005567 0.996975 0.077528 138.582062 0.682590 -0.060446 0.728297 -1.937963 0.000000 0.000000 0.000000 1.000000
0.729835 0.040224 -0.682439 1.262250 0.001949 0.998141 0.060916 138.485352 0.683620 -0.045788 0.728400 -1.991781 0.000000 0.000000 0.000000 1.000000
0.721876 0.013031 -0.691900 2.946966 0.000874 0.999805 0.019742 137.305405 0.692022 -0.014856 0.721724 -2.361268 0.000000 0.000000 0.000000 1.000000
0.698674 -0.032791 -0.714689 5.353406 -0.007103 0.998582 -0.052760 134.446198 0.715405 0.041938 0.697450 -2.864025 0.000000 0.000000 0.000000 1.000000
0.667447 -0.088892 -0.739333 8.317151 -0.024824 0.989642 -0.141397 129.111725 0.744244 0.112728 0.658326 -3.491927 0.000000 0.000000 0.000000 1.000000
0.632521 -0.145543 -0.760746 11.414137 -0.051976 0.971997 -0.229174 121.156013 0.772797 0.184498 0.607244 -4.316557 0.000000 0.000000 0.000000 1.000000
0.608517 -0.197255 -0.768634 14.086630 -0.074253 0.950209 -0.302638 111.181366 0.790059 0.241233 0.563572 -5.099241 0.000000 0.000000 0.000000 1.000000
0.606035 -0.233927 -0.760263 16.191061 -0.063267 0.938576 -0.339224 100.554466 0.792918 0.253681 0.554010 -5.444001 0.000000 0.000000 0.000000 1.000000
0.606262 -0.252548 -0.754100 17.191221 -0.030433 0.940175 -0.339331 91.604469 0.794683 0.228673 0.562306 -5.172806 0.000000 0.000000 0.000000 1.000000
0.610669 -0.230053 -0.757733 17.134583 -0.011308 0.954240 -0.298828 86.238846 0.791805 0.191053 0.580123 -4.795879 0.000000 0.000000 0.000000 1.000000
0.631229 -0.159882 -0.758938 16.162659 -0.005243 0.977620 -0.210311 84.955147 0.775579 0.136733 0.616264 -4.613971 0.000000 0.000000 0.000000 1.000000
0.659554 -0.090727 -0.746161 13.697235 0.003722 0.993071 -0.117459 88.506119 0.751648 0.074694 0.655322 -4.915627 0.000000 0.000000 0.000000 1.000000
0.701077 -0.039567 -0.711987 10.061470 0.014497 0.999044 -0.041245 96.301697 0.712938 0.018594 0.700981 -6.184448 0.000000 0.000000 0.000000 1.000000
0.738939 0.016765 -0.673564 5.803394 0.017669 0.998864 0.044246 107.474289 0.673541 -0.044596 0.737804 -7.376227 0.000000 0.000000 0.000000 1.000000
0.765855 0.071544 -0.639021 0.686064 0.034072 0.987880 0.151437 122.298294 0.642111 -0.137751 0.754134 -7.158000 0.000000 0.000000 0.000000 1.000000
0.778776 0.097042 -0.619751 -5.251956 0.050701 0.974993 0.216376 139.557800 0.625250 -0.199930 0.754381 -5.017308 0.000000 0.000000 0.000000 1.000000
0.763972 0.088980 -0.639085 -11.079645 0.061307 0.975956 0.209170 154.440552 0.642330 -0.198980 0.740148 -3.827453 0.000000 0.000000 0.000000 1.000000
0.769959 0.048110 -0.636277 -12.324138 0.083683 0.980928 0.175435 173.395950 0.632582 -0.188323 0.751249 -3.373034 0.000000 0.000000 0.000000 1.000000
0.782598 -0.019916 -0.622208 -10.459427 0.120751 0.985362 0.120336 192.026001 0.610704 -0.169307 0.773548 -4.076412 0.000000 0.000000 0.000000 1.000000
0.770551 -0.099308 -0.629595 -7.930861 0.152638 0.987796 0.031003 209.631760 0.618832 -0.119990 0.776305 -5.084175 0.000000 0.000000 0.000000 1.000000
0.760472 -0.160798 -0.629148 -6.666847 0.199217 0.979908 -0.009645 223.761093 0.618058 -0.118002 0.777226 -7.561632 0.000000 0.000000 0.000000 1.000000
0.752859 -0.164309 -0.637343 -6.266945 0.218402 0.975838 0.006414 233.663910 0.620889 -0.144026 0.770554 -9.618229 0.000000 0.000000 0.000000 1.000000
0.759286 -0.124873 -0.638663 -6.432285 0.230183 0.969507 0.084096 239.258850 0.608687 -0.210862 0.764877 -10.929686 0.000000 0.000000 0.000000 1.000000
0.779619 -0.082878 -0.620746 -7.399545 0.252681 0.948570 0.190705 240.467529 0.573015 -0.305528 0.760464 -11.772274 0.000000 0.000000 0.000000 1.000000
0.805711 -0.036844 -0.591162 -8.305522 0.249556 0.926269 0.282397 237.756241 0.537170 -0.375058 0.755499 -12.072853 0.000000 0.000000 0.000000 1.000000
0.825205 -0.014382 -0.564650 -8.634211 0.229247 0.922164 0.311544 233.291916 0.516220 -0.386532 0.764271 -12.058889 0.000000 0.000000 0.000000 1.000000
0.839081 -0.019559 -0.543655 -8.218539 0.211872 0.932195 0.293467 228.117844 0.501053 -0.361428 0.786331 -11.172138 0.000000 0.000000 0.000000 1.000000
0.849855 -0.041817 -0.525355 -7.483309 0.196781 0.949930 0.242715 221.752396 0.488901 -0.309653 0.815531 -9.360523 0.000000 0.000000 0.000000 1.000000
0.858555 -0.070820 -0.507806 -6.978930 0.179931 0.969041 0.169066 214.010590 0.480112 -0.236523 0.844718 -6.848780 0.000000 0.000000 0.000000 1.000000
0.869446 -0.088914 -0.485961 -6.761003 0.147947 0.985387 0.084404 203.030518 0.471355 -0.145282 0.869895 -3.266855 0.000000 0.000000 0.000000 1.000000
0.894392 -0.089862 -0.438165 -6.746595 0.114959 0.992886 0.031029 187.791504 0.432259 -0.078123 0.898359 1.271686 0.000000 0.000000 0.000000 1.000000
0.927334 -0.072451 -0.367155 -6.829369 0.085685 0.996124 0.019851 168.667114 0.364294 -0.049868 0.929948 5.550059 0.000000 0.000000 0.000000 1.000000
0.952494 -0.036997 -0.302302 -6.847443 0.049785 0.998157 0.034701 148.423920 0.300461 -0.048102 0.952580 7.817623 0.000000 0.000000 0.000000 1.000000
0.972270 -0.043071 -0.229861 -7.238604 0.041354 0.999069 -0.012281 130.758652 0.230176 0.002434 0.973146 6.647921 0.000000 0.000000 0.000000 1.000000
0.977085 -0.101371 -0.187160 -6.891032 0.084214 0.991669 -0.097468 114.408981 0.195481 0.079473 0.977482 5.236433 0.000000 0.000000 0.000000 1.000000
0.961599 -0.178503 -0.208482 -6.222964 0.144131 0.974865 -0.169894 104.285980 0.233568 0.133321 0.963157 5.238763 0.000000 0.000000 0.000000 1.000000
0.942475 -0.250763 -0.221038 -5.133475 0.196410 0.950483 -0.240842 97.358955 0.270487 0.183573 0.945059 5.008883 0.000000 0.000000 0.000000 1.000000
0.927296 -0.287635 -0.239559 -3.739283 0.220139 0.936639 -0.272482 92.441612 0.302755 0.199935 0.931861 4.493828 0.000000 0.000000 0.000000 1.000000
0.908221 -0.310519 -0.280558 -2.552699 0.229627 0.930239 -0.286229 89.717827 0.349865 0.195536 0.916166 3.994905 0.000000 0.000000 0.000000 1.000000
0.890083 -0.325992 -0.318561 -1.720372 0.233048 0.926135 -0.296585 89.204430 0.391714 0.189745 0.900309 3.698833 0.000000 0.000000 0.000000 1.000000
0.880754 -0.313706 -0.354770 -1.159148 0.218335 0.933748 -0.283629 91.057404 0.420241 0.172348 0.890895 3.327695 0.000000 0.000000 0.000000 1.000000
0.873007 -0.287350 -0.394068 -0.937416 0.194672 0.946151 -0.258651 95.268715 0.447171 0.149091 0.881936 2.844122 0.000000 0.000000 0.000000 1.000000
0.867810 -0.256097 -0.425817 -1.106776 0.163312 0.956347 -0.242342 101.117638 0.469292 0.140766 0.871751 2.526430 0.000000 0.000000 0.000000 1.000000
0.861062 -0.218648 -0.459091 -1.427418 0.128560 0.967111 -0.219473 107.900391 0.491980 0.129959 0.860852 2.091057 0.000000 0.000000 0.000000 1.000000
0.846074 -0.187030 -0.499178 -1.626801 0.103261 0.976195 -0.190736 115.055328 0.522969 0.109831 0.845246 1.489893 0.000000 0.000000 0.000000 1.000000
0.828600 -0.158220 -0.537019 -1.606568 0.080638 0.982960 -0.165186 121.908478 0.554004 0.093569 0.827239 0.879280 0.000000 0.000000 0.000000 1.000000
0.811063 -0.127555 -0.570883 -1.386204 0.059083 0.988808 -0.136994 127.865112 0.581968 0.077381 0.809522 0.268651 0.000000 0.000000 0.000000 1.000000
0.792725 -0.097287 -0.601766 -1.134747 0.042689 0.993619 -0.104402 132.325089 0.608083 0.057074 0.791819 -0.268777 0.000000 0.000000 0.000000 1.000000
0.775128 -0.064255 -0.628529 -0.856433 0.027709 0.997315 -0.067785 135.295349 0.631197 0.035127 0.774827 -0.780391 0.000000 0.000000 0.000000 1.000000
0.759972 -0.030682 -0.649231 -0.510036 0.015905 0.999464 -0.028616 137.140045 0.649761 0.011422 0.760053 -1.228218 0.000000 0.000000 0.000000 1.000000
0.746608 -0.001501 -0.665263 -0.112882 0.010147 0.999907 0.009131 138.081848 0.665187 -0.013568 0.746553 -1.566982 0.000000 0.000000 0.000000 1.000000
0.740036 0.013520 -0.672431 0.124345 0.008515 0.999529 0.029469 138.355606 0.672513 -0.027534 0.739573 -1.719972 0.000000 0.000000 0.000000 1.000000
0.736519 0.022454 -0.676044 0.274255 0.007760 0.999103 0.041638 138.465179 0.676372 -0.035913 0.735684 -1.802791 0.000000 0.000000 0.000000 1.000000
0.734371 0.028811 -0.678137 0.385725 0.007285 0.998707 0.050320 138.516174 0.678710 -0.041894 0.733211 -1.856016 0.000000 0.000000 0.000000 1.000000
0.731965 0.037291 -0.680321 0.536649 0.006658 0.998062 0.061871 138.561310 0.681310 -0.049817 0.730298 -1.917442 0.000000 0.000000 0.000000 1.000000
0.730990 0.042104 -0.681088 0.621414 0.006250 0.997640 0.068381 138.574539 0.682359 -0.054242 0.729002 -1.943714 0.000000 0.000000 0.000000 1.000000
0.730735 0.046547 -0.681073 0.692160 0.005817 0.997212 0.074394 138.577698 0.682636 -0.058324 0.728427 -1.947148 0.000000 0.000000 0.000000 1.000000</float_array>
        <technique_common>
          <accessor source="#mixamorig_Hips-Matrix-animation-output-transform-array" count="57" stride="16">
            <param type="float4x4"/>
          </accessor>
        </technique_common>
      </source>
      <source id="mixamorig_Hips-Interpolations">
        <Name_array id="mixamorig_Hips-Interpolations-array" count="57">
 LINEAR LINEAR LINEAR LINEAR LINEAR LINEAR LINEAR LINEAR LINEAR LINEAR LINEAR
LINEAR LINEAR LINEAR LINEAR LINEAR LINEAR LINEAR LINEAR LINEAR LINEAR LINEAR LINEAR
LINEAR LINEAR LINEAR LINEAR LINEAR LINEAR LINEAR LINEAR LINEAR LINEAR LINEAR LINEAR
LINEAR LINEAR LINEAR LINEAR LINEAR LINEAR LINEAR LINEAR LINEAR LINEAR LINEAR LINEAR
LINEAR LINEAR LINEAR LINEAR LINEAR LINEAR LINEAR LINEAR LINEAR LINEAR</Name_array>
        <technique_common>
          <accessor source="#mixamorig_Hips-Interpolations-array" count="57">
            <param type="name"/>
          </accessor>
        </technique_common>
      </source>
      <sampler id="mixamorig_Hips-Matrix-animation-transform">
        <input semantic="INPUT" source="#mixamorig_Hips-Matrix-animation-input"/>
        <input semantic="OUTPUT" source="#mixamorig_Hips-Matrix-animation-output-transform"/>
        <input semantic="INTERPOLATION" source="#mixamorig_Hips-Interpolations"/>
      </sampler>
      <channel source="#mixamorig_Hips-Matrix-animation-transform" target="mixamorig_Hips/matrix"/>
    </animation>
    <animation id="mixamorig_Spine-anim" name="mixamorig_Spine">
      <source id="mixamorig_Spine-Matrix-animation-input">
        <float_array id="mixamorig_Spine-Matrix-animation-input-array" count="57">

0.000000 0.033333 0.066667 0.100000 0.133333 0.166667 0.200000 0.233333 0.266667 0.300000 0.333333 0.366667 0.400000 0.433333 0.466667 0.500000
0.533333 0.566667 0.600000 0.633333 0.666667 0.700000 0.733333 0.766667 0.800000 0.833333 0.866667 0.900000 0.933333 0.966667 1.000000 1.033333
1.066667 1.100000 1.133333 1.166667 1.200000 1.233333 1.266667 1.300000 1.333333 1.366667 1.400000 1.433333 1.466667 1.500000 1.533333 1.566667
1.600000 1.633333 1.666667 1.700000 1.733333 1.766667 1.800000 1.833333 1.866667</float_array>
        <technique_common>
          <accessor source="#mixamorig_Spine-Matrix-animation-input-array" count="57">
            <param name="TIME" type="float"/>
          </accessor>
        </technique_common>
      </source>
      <source id="mixamorig_Spine-Matrix-animation-output-transform">
        <float_array id="mixamorig_Spine-Matrix-animation-output-transform-array" count="912">

0.996614 0.029253 0.076837 0.000000 -0.016534 0.986780 -0.161220 24.514400 -0.080537 0.159403 0.983923 1.476400 0.000000 0.000000 0.000000 1.000000
0.997047 0.028788 0.071188 0.000000 -0.016972 0.986755 -0.161330 24.514400 -0.074890 0.159646 0.984330 1.476400 0.000000 0.000000 0.000000 1.000000
0.997678 0.026629 0.062685 0.000000 -0.016048 0.986392 -0.163623 24.514400 -0.066189 0.162237 0.984529 1.476400 0.000000 0.000000 0.000000 1.000000
0.998141 0.023812 0.056106 0.000000 -0.014174 0.985974 -0.166297 24.514400 -0.059279 0.165193 0.984478 1.476400 0.000000 0.000000 0.000000 1.000000
0.998591 0.019165 0.049494 -0.000000 -0.010424 0.985186 -0.171174 24.514400 -0.052042 0.170417 0.983997 1.476400 0.000000 0.000000 0.000000 1.000000
0.999104 0.013320 0.040171 -0.000000 -0.005955 0.983982 -0.178167 24.514400 -0.041901 0.177768 0.983180 1.476400 0.000000 0.000000 0.000000 1.000000
0.999649 0.006700 0.025616 0.000000 -0.001802 0.982432 -0.186612 24.514400 -0.026416 0.186501 0.982100 1.476400 0.000000 0.000000 0.000000 1.000000
0.999940 -0.000879 0.010922 0.000000 0.003035 0.979989 -0.199029 24.514400 -0.010529 0.199050 0.979933 1.476400 0.000000 0.000000 0.000000 1.000000
0.999982 -0.005040 0.003115 -0.000000 0.005580 0.977898 -0.209006 24.514400 -0.001993 0.209020 0.977909 1.476400 0.000000 0.000000 0.000000 1.000000
0.999972 -0.007394 -0.001070 -0.000000 0.006994 0.976765 -0.214199 24.514400 0.002629 0.214186 0.976789 1.476400 0.000000 0.000000 0.000000 1.000000
0.999912 -0.012540 -0.004326 0.000000 0.011292 0.975779 -0.218467 24.514400 0.006961 0.218399 0.975835 1.476400 0.000000 0.000000 0.000000 1.000000
0.999918 -0.012750 -0.000671 0.000000 0.012317 0.977084 -0.212495 24.514400 0.003365 0.212470 0.977162 1.476400 0.000000 0.000000 0.000000 1.000000
0.999965 -0.008251 0.000993 0.000000 0.008285 0.980275 -0.197467 24.514400 0.000656 0.197468 0.980309 1.476400 0.000000 0.000000 0.000000 1.000000
0.999977 -0.005137 0.004403 0.000000 0.005872 0.982228 -0.187600 24.514400 -0.003361 0.187621 0.982236 1.476400 0.000000 0.000000 0.000000 1.000000
0.999868 0.002480 0.016071 0.000000 0.000474 0.983435 -0.181261 24.514400 -0.016254 0.181244 0.983304 1.476400 0.000000 0.000000 0.000000 1.000000
0.999594 0.011510 0.026057 0.000000 -0.007080 0.986418 -0.164101 24.514400 -0.027592 0.163850 0.986099 1.476400 0.000000 0.000000 0.000000 1.000000
0.999343 0.017913 0.031520 0.000000 -0.013070 0.988956 -0.147632 24.514400 -0.033817 0.147123 0.988540 1.476400 0.000000 0.000000 0.000000 1.000000
0.999267 0.012664 0.036124 -0.000000 -0.007148 0.988822 -0.148930 24.514400 -0.037606 0.148562 0.988188 1.476400 0.000000 0.000000 0.000000 1.000000
0.999200 0.016035 0.036628 -0.000000 -0.009990 0.987127 -0.159624 24.514400 -0.038716 0.159131 0.986498 1.476400 0.000000 0.000000 0.000000 1.000000
0.999165 0.021568 0.034696 -0.000000 -0.015278 0.984928 -0.172290 24.514400 -0.037889 0.171616 0.984435 1.476400 0.000000 0.000000 0.000000 1.000000
0.999108 0.034208 0.024752 -0.000000 -0.028889 0.981331 -0.190146 24.514400 -0.030794 0.189262 0.981444 1.476400 0.000000 0.000000 0.000000 1.000000
0.998900 0.045611 0.010902 0.000000 -0.042201 0.975651 -0.215230 24.514400 -0.020453 0.214534 0.976502 1.476400 0.000000 0.000000 0.000000 1.000000
0.998325 0.057850 -0.000882 0.000000 -0.056228 0.966518 -0.250362 24.514400 -0.013631 0.249993 0.968152 1.476400 0.000000 0.000000 0.000000 1.000000
0.997745 0.066572 -0.008507 0.000000 -0.066232 0.956212 -0.285082 24.514400 -0.010844 0.285002 0.958465 1.476400 0.000000 0.000000 0.000000 1.000000
0.997672 0.066918 -0.013168 0.000000 -0.067716 0.948920 -0.308164 24.514400 -0.008126 0.308339 0.951242 1.476400 0.000000 0.000000 0.000000 1.000000
0.997956 0.061798 -0.016253 -0.000000 -0.063780 0.947778 -0.312489 24.514400 -0.003907 0.312887 0.949782 1.476400 0.000000 0.000000 0.000000 1.000000
0.998513 0.051987 -0.016387 0.000000 -0.054509 0.951582 -0.302524 24.514400 -0.000134 0.302968 0.953001 1.476400 0.000000 0.000000 0.000000 1.000000
0.999078 0.039758 -0.016193 0.000000 -0.042713 0.958418 -0.282152 24.514400 0.004302 0.282584 0.959233 1.476400 0.000000 0.000000 0.000000 1.000000
0.999430 0.027997 -0.018840 0.000000 -0.031862 0.966803 -0.253530 24.514400 0.011117 0.253986 0.967144 1.476400 0.000000 0.000000 0.000000 1.000000
0.999631 0.018008 -0.020332 0.000000 -0.022027 0.975476 -0.219003 24.514400 0.015890 0.219370 0.975512 1.476400 0.000000 0.000000 0.000000 1.000000
0.999808 0.012299 -0.015225 0.000000 -0.014948 0.981980 -0.188392 24.514400 0.012633 0.188583 0.981976 1.476400 0.000000 0.000000 0.000000 1.000000
0.999930 0.007697 -0.009006 0.000000 -0.009087 0.986049 -0.166210 24.514400 0.007601 0.166280 0.986049 1.476400 0.000000 0.000000 0.000000 1.000000
0.999977 0.005602 -0.003844 0.000000 -0.006120 0.988385 -0.151845 24.514400 0.002949 0.151865 0.988397 1.476400 0.000000 0.000000 0.000000 1.000000
0.999931 0.011207 -0.003514 -0.000000 -0.011613 0.988187 -0.152810 24.514400 0.001760 0.152840 0.988249 1.476400 0.000000 0.000000 0.000000 1.000000
0.999922 0.012452 0.000209 -0.000000 -0.012248 0.986342 -0.164255 24.514400 -0.002251 0.164240 0.986418 1.476400 0.000000 0.000000 0.000000 1.000000
0.999951 0.009578 0.002617 0.000000 -0.008928 0.982686 -0.185063 24.514400 -0.004344 0.185030 0.982723 1.476400 0.000000 0.000000 0.000000 1.000000
0.999997 0.001849 0.001776 0.000000 -0.001442 0.978358 -0.206915 24.514400 -0.002121 0.206911 0.978357 1.476400 0.000000 0.000000 0.000000 1.000000
0.999947 -0.009131 0.004691 0.000000 0.009971 0.972615 -0.232207 24.514400 -0.002442 0.232241 0.972655 1.476400 0.000000 0.000000 0.000000 1.000000
0.999791 -0.018909 0.007779 -0.000000 0.020264 0.967020 -0.253895 24.514400 -0.002721 0.253999 0.967201 1.476400 0.000000 0.000000 0.000000 1.000000
0.999539 -0.028213 0.011218 0.000000 0.030190 0.962748 -0.268711 24.514400 -0.003219 0.268926 0.963156 1.476400 0.000000 0.000000 0.000000 1.000000
0.999196 -0.035866 0.017912 0.000000 0.039460 0.958771 -0.281426 24.514400 -0.007080 0.281907 0.959416 1.476400 0.000000 0.000000 0.000000 1.000000
0.998943 -0.038942 0.024440 -0.000000 0.044323 0.956958 -0.286822 24.514400 -0.012218 0.287602 0.957672 1.476400 0.000000 0.000000 0.000000 1.000000
0.998716 -0.040295 0.030695 -0.000000 0.047300 0.958710 -0.280424 24.514400 -0.018128 0.281516 0.959385 1.476400 0.000000 0.000000 0.000000 1.000000
0.998569 -0.038201 0.037437 0.000000 0.046880 0.962069 -0.268750 24.514400 -0.025751 0.270120 0.962482 1.476400 0.000000 0.000000 0.000000 1.000000
0.998594 -0.031272 0.042794 -0.000000 0.041164 0.966194 -0.254509 24.514400 -0.033388 0.255913 0.966123 1.476400 0.000000 0.000000 0.000000 1.000000
0.998570 -0.023440 0.048038 0.000000 0.034266 0.970479 -0.238739 24.514400 -0.041024 0.240044 0.969895 1.476400 0.000000 0.000000 0.000000 1.000000
0.998414 -0.015096 0.054243 0.000000 0.026932 0.974071 -0.224634 24.514400 -0.049445 0.225738 0.972932 1.476400 0.000000 0.000000 0.000000 1.000000
0.998146 -0.006215 0.060550 0.000000 0.018984 0.976939 -0.212672 24.514400 -0.057832 0.213427 0.975246 1.476400 0.000000 0.000000 0.000000 1.000000
0.997825 0.001943 0.065884 -0.000000 0.011293 0.979745 -0.199932 24.514400 -0.064938 0.200241 0.977592 1.476400 0.000000 0.000000 0.000000 1.000000
0.997502 0.008990 0.070063 0.000000 0.004270 0.982379 -0.186851 24.514400 -0.070509 0.186683 0.979887 1.476400 0.000000 0.000000 0.000000 1.000000
0.997170 0.015360 0.073591 0.000000 -0.002159 0.984351 -0.176204 24.514400 -0.075146 0.175547 0.981599 1.476400 0.000000 0.000000 0.000000 1.000000
0.996936 0.019874 0.075653 -0.000000 -0.006684 0.985290 -0.170758 24.514400 -0.077934 0.169729 0.982404 1.476400 0.000000 0.000000 0.000000 1.000000
0.996803 0.023159 0.076464 -0.000000 -0.010022 0.985752 -0.167908 24.514400 -0.079263 0.166605 0.982833 1.476400 0.000000 0.000000 0.000000 1.000000
0.996717 0.025660 0.076785 0.000000 -0.012597 0.986044 -0.166009 24.514400 -0.079973 0.164497 0.983130 1.476400 0.000000 0.000000 0.000000 1.000000
0.996652 0.027653 0.076942 0.000000 -0.014726 0.986390 -0.163761 24.514400 -0.080423 0.162080 0.983495 1.476400 0.000000 0.000000 0.000000 1.000000
0.996608 0.028904 0.077054 -0.000000 -0.016061 0.986601 -0.162361 24.514400 -0.080714 0.160573 0.983718 1.476400 0.000000 0.000000 0.000000 1.000000
0.996602 0.029354 0.076960 0.000000 -0.016593 0.986735 -0.161488 24.514400 -0.080680 0.159662 0.983869 1.476400 0.000000 0.000000 0.000000 1.000000</float_array>
        <technique_common>
          <accessor source="#mixamorig_Spine-Matrix-animation-output-transform-array" count="57" stride="16">
            <param type="float4x4"/>
          </accessor>
        </technique_common>
      </source>
      <source id="mixamorig_Spine-Interpolations">
        <Name_array id="mixamorig_Spine-Interpolations-array" count="57">
 LINEAR LINEAR LINEAR LINEAR LINEAR LINEAR LINEAR LINEAR LINEAR LINEAR LINEAR
LINEAR LINEAR LINEAR LINEAR LINEAR LINEAR LINEAR LINEAR LINEAR LINEAR LINEAR LINEAR
LINEAR LINEAR LINEAR LINEAR LINEAR LINEAR LINEAR LINEAR LINEAR LINEAR LINEAR LINEAR
LINEAR LINEAR LINEAR LINEAR LINEAR LINEAR LINEAR LINEAR LINEAR LINEAR LINEAR LINEAR
LINEAR LINEAR LINEAR LINEAR LINEAR LINEAR LINEAR LINEAR LINEAR LINEAR</Name_array>
        <technique_common>
          <accessor source="#mixamorig_Spine-Interpolations-array" count="57">
            <param type="name"/>
          </accessor>
        </technique_common>
      </source>
      <sampler id="mixamorig_Spine-Matrix-animation-transform">
        <input semantic="INPUT" source="#mixamorig_Spine-Matrix-animation-input"/>
        <input semantic="OUTPUT" source="#mixamorig_Spine-Matrix-animation-output-transform"/>
        <input semantic="INTERPOLATION" source="#mixamorig_Spine-Interpolations"/>
      </sampler>
      <channel source="#mixamorig_Spine-Matrix-animation-transform" target="mixamorig_Spine/matrix"/>
    </animation>
    <animation id="mixamorig_Spine1-anim" name="mixamorig_Spine1">
      <source id="mixamorig_Spine1-Matrix-animation-input">
        <float_array id="mixamorig_Spine1-Matrix-animation-input-array" count="57">

0.000000 0.033333 0.066667 0.100000 0.133333 0.166667 0.200000 0.233333 0.266667 0.300000 0.333333 0.366667 0.400000 0.433333 0.466667 0.500000
0.533333 0.566667 0.600000 0.633333 0.666667 0.700000 0.733333 0.766667 0.800000 0.833333 0.866667 0.900000 0.933333 0.966667 1.000000 1.033333
1.066667 1.100000 1.133333 1.166667 1.200000 1.233333 1.266667 1.300000 1.333333 1.366667 1.400000 1.433333 1.466667 1.500000 1.533333 1.566667
1.600000 1.633333 1.666667 1.700000 1.733333 1.766667 1.800000 1.833333 1.866667</float_array>
        <technique_common>
          <accessor source="#mixamorig_Spine1-Matrix-animation-input-array" count="57">
            <param name="TIME" type="float"/>
          </accessor>
        </technique_common>
      </source>
      <source id="mixamorig_Spine1-Matrix-animation-output-transform">
        <float_array id="mixamorig_Spine1-Matrix-animation-output-transform-array" count="912">

0.986175 0.062399 0.153507 0.000000 -0.030268 0.978638 -0.203353 28.651899 -0.162917 0.195895 0.966997 0.000000 0.000000 0.000000 0.000000 1.000000
0.987912 0.060992 0.142513 0.000000 -0.031061 0.978584 -0.203490 28.651899 -0.151872 0.196603 0.968650 -0.000000 0.000000 0.000000 0.000000 1.000000
0.990355 0.057260 0.126170 0.000000 -0.030039 0.977685 -0.207919 28.651899 -0.135260 0.202123 0.969975 -0.000000 0.000000 0.000000 0.000000 1.000000
0.992101 0.052632 0.113868 0.000000 -0.027353 0.976647 -0.213104 28.651899 -0.122425 0.208306 0.970371 0.000000 0.000000 0.000000 0.000000 1.000000
0.993727 0.044268 0.102698 -0.000000 -0.020423 0.974713 -0.222527 28.651899 -0.109951 0.219034 0.969502 0.000000 0.000000 0.000000 0.000000 1.000000
0.995624 0.033828 0.087117 -0.000000 -0.012354 0.971647 -0.236113 28.651899 -0.092634 0.234003 0.967813 0.000000 0.000000 0.000000 0.000000 1.000000
0.997883 0.023004 0.060836 0.000000 -0.006902 0.967536 -0.252639 28.651899 -0.064673 0.251684 0.965646 -0.000000 0.000000 0.000000 0.000000 1.000000
0.999381 0.012498 0.032888 -0.000000 -0.002901 0.960873 -0.276975 28.651899 -0.035063 0.276708 0.960314 0.000000 0.000000 0.000000 0.000000 1.000000
0.999801 0.008632 0.018008 0.000000 -0.002906 0.955041 -0.296459 28.651899 -0.019757 0.296348 0.954876 0.000000 0.000000 0.000000 0.000000 1.000000
0.999912 0.006925 0.011355 -0.000000 -0.003111 0.951849 -0.306551 28.651899 -0.012931 0.306488 0.951787 -0.000000 0.000000 0.000000 0.000000 1.000000
0.999959 -0.001012 0.008971 -0.000000 0.003785 0.949148 -0.314808 28.651899 -0.008196 0.314829 0.949113 0.000000 0.000000 0.000000 0.000000 1.000000
0.999809 -0.001518 0.019501 -0.000000 0.007361 0.952892 -0.303221 28.651899 -0.018122 0.303306 0.952721 0.000000 0.000000 0.000000 0.000000 1.000000
0.999708 0.001044 0.024149 -0.000000 0.005609 0.961773 -0.273792 28.651899 -0.023511 0.273847 0.961486 0.000000 0.000000 0.000000 0.000000 1.000000
0.999647 0.000545 0.026566 -0.000000 0.006232 0.967094 -0.254343 28.651899 -0.025830 0.254419 0.966749 0.000000 0.000000 0.000000 0.000000 1.000000
0.999103 0.012272 0.040522 -0.000000 -0.002106 0.970293 -0.241923 28.651899 -0.042287 0.241621 0.969449 0.000000 0.000000 0.000000 0.000000 1.000000
0.998059 0.030425 0.054335 -0.000000 -0.018472 0.977895 -0.208280 28.651899 -0.059471 0.206872 0.976559 -0.000000 0.000000 0.000000 0.000000 1.000000
0.997036 0.044543 0.062732 -0.000000 -0.032885 0.983855 -0.175920 28.651899 -0.069555 0.173336 0.982404 0.000000 0.000000 0.000000 0.000000 1.000000
0.996053 0.058173 0.067040 0.000000 -0.045293 0.982668 -0.179756 28.651899 -0.076335 0.176010 0.981424 0.000000 0.000000 0.000000 0.000000 1.000000
0.995326 0.071429 0.064987 -0.000000 -0.057021 0.977840 -0.201436 28.651899 -0.077935 0.196789 0.977343 0.000000 0.000000 0.000000 0.000000 1.000000
0.995152 0.081167 0.055533 -0.000000 -0.066626 0.971755 -0.226390 28.651899 -0.072340 0.221593 0.972452 0.000000 0.000000 0.000000 0.000000 1.000000
0.994800 0.095817 0.034535 0.000000 -0.083582 0.961773 -0.260782 28.651899 -0.058202 0.256539 0.964780 0.000000 0.000000 0.000000 0.000000 1.000000
0.994299 0.106326 0.008025 0.000000 -0.098666 0.945978 -0.308855 28.651899 -0.040431 0.306302 0.951075 0.000000 0.000000 0.000000 0.000000 1.000000
0.992998 0.117466 -0.012556 0.000000 -0.113544 0.919660 -0.375942 28.651899 -0.032613 0.374735 0.926558 -0.000000 0.000000 0.000000 0.000000 1.000000
0.991842 0.124783 -0.026061 0.000000 -0.123422 0.888875 -0.441212 28.651899 -0.031891 0.440829 0.897024 0.000000 0.000000 0.000000 0.000000 1.000000
0.992137 0.120362 -0.034307 -0.000000 -0.121867 0.866637 -0.483827 28.651899 -0.028503 0.484203 0.874491 0.000000 0.000000 0.000000 0.000000 1.000000
0.993413 0.108054 -0.038134 -0.000000 -0.112789 0.863387 -0.491774 28.651899 -0.020214 0.492836 0.869887 0.000000 0.000000 0.000000 0.000000 1.000000
0.995113 0.091653 -0.036746 0.000000 -0.098102 0.875252 -0.473613 28.651899 -0.011246 0.474903 0.879966 0.000000 0.000000 0.000000 0.000000 1.000000
0.996717 0.073107 -0.034802 0.000000 -0.080965 0.896367 -0.435856 28.651899 -0.000669 0.437242 0.899343 0.000000 0.000000 0.000000 0.000000 1.000000
0.997829 0.053701 -0.038118 0.000000 -0.064205 0.922041 -0.381730 28.651899 0.014646 0.383349 0.923487 0.000000 0.000000 0.000000 0.000000 1.000000
0.998506 0.037302 -0.039922 -0.000000 -0.048012 0.947793 -0.315250 28.651899 0.026078 0.316696 0.948168 -0.000000 0.000000 0.000000 0.000000 1.000000
0.999157 0.027912 -0.030087 -0.000000 -0.034686 0.966171 -0.255559 28.651899 0.021936 0.256388 0.966325 0.000000 0.000000 0.000000 0.000000 1.000000
0.999588 0.021266 -0.019298 0.000000 -0.024876 0.976977 -0.211890 28.651899 0.014347 0.212283 0.977103 0.000000 0.000000 0.000000 0.000000 1.000000
0.999836 0.015520 -0.009309 0.000000 -0.016965 0.982877 -0.183478 28.651899 0.006302 0.183605 0.982980 -0.000000 0.000000 0.000000 0.000000 1.000000
0.999896 0.012922 -0.006467 0.000000 -0.013897 0.982565 -0.185399 28.651899 0.003958 0.185470 0.982642 0.000000 0.000000 0.000000 0.000000 1.000000
0.999894 0.013994 0.004040 0.000000 -0.012847 0.978021 -0.208110 28.651899 -0.006864 0.208036 0.978097 0.000000 0.000000 0.000000 0.000000 1.000000
0.999723 0.018207 0.014921 -0.000000 -0.013914 0.968320 -0.249325 28.651899 -0.018988 0.249048 0.968305 0.000000 0.000000 0.000000 0.000000 1.000000
0.999773 0.011367 0.018008 0.000000 -0.005609 0.956321 -0.292266 28.651899 -0.020543 0.292099 0.956168 0.000000 0.000000 0.000000 0.000000 1.000000
0.999581 -0.004799 0.028530 -0.000000 0.014256 0.939821 -0.341368 28.651899 -0.025175 0.341632 0.939497 0.000000 0.000000 0.000000 0.000000 1.000000
0.999031 -0.020853 0.038768 0.000000 0.034126 0.923180 -0.382849 28.651899 -0.027807 0.383801 0.922997 0.000000 0.000000 0.000000 0.000000 1.000000
0.998119 -0.037568 0.048453 0.000000 0.054195 0.910155 -0.410707 28.651899 -0.028670 0.412560 0.910479 0.000000 0.000000 0.000000 0.000000 1.000000
0.996717 -0.050812 0.063027 -0.000000 0.073228 0.897837 -0.434196 28.651899 -0.034526 0.437387 0.898611 0.000000 0.000000 0.000000 0.000000 1.000000
0.995655 -0.055353 0.074886 0.000000 0.082992 0.892203 -0.443945 28.651899 -0.042240 0.448231 0.892919 -0.000000 0.000000 0.000000 0.000000 1.000000
0.994813 -0.057261 0.084077 0.000000 0.088159 0.897678 -0.431743 28.651899 -0.050752 0.436915 0.898070 -0.000000 0.000000 0.000000 0.000000 1.000000
0.994176 -0.053571 0.093516 0.000000 0.087461 0.908052 -0.409624 28.651899 -0.062973 0.415417 0.907449 -0.000000 0.000000 0.000000 0.000000 1.000000
0.994166 -0.041574 0.099528 0.000000 0.076816 0.920658 -0.382737 28.651899 -0.075720 0.388150 0.918480 0.000000 0.000000 0.000000 0.000000 1.000000
0.993963 -0.028866 0.105854 -0.000000 0.064670 0.933505 -0.352685 28.651899 -0.088635 0.357401 0.929736 0.000000 0.000000 0.000000 0.000000 1.000000
0.993250 -0.015675 0.114931 0.000000 0.052568 0.944064 -0.325546 28.651899 -0.103399 0.329390 0.938515 0.000000 0.000000 0.000000 0.000000 1.000000
0.992092 -0.000980 0.125510 0.000000 0.039204 0.952357 -0.302456 28.651899 -0.119234 0.304984 0.944864 0.000000 0.000000 0.000000 0.000000 1.000000
0.990772 0.012570 0.134951 0.000000 0.025655 0.960296 -0.277800 28.651899 -0.133085 0.278699 0.951113 0.000000 0.000000 0.000000 0.000000 1.000000
0.989514 0.024728 0.142307 -0.000000 0.012130 0.967529 -0.252470 28.651899 -0.143930 0.251549 0.957083 -0.000000 0.000000 0.000000 0.000000 1.000000
0.988242 0.036401 0.148501 0.000000 -0.000979 0.972734 -0.231922 28.651899 -0.152894 0.229050 0.961332 -0.000000 0.000000 0.000000 0.000000 1.000000
0.987344 0.044941 0.152089 -0.000000 -0.010264 0.975105 -0.221506 28.651899 -0.158258 0.217142 0.963226 0.000000 0.000000 0.000000 0.000000 1.000000
0.986844 0.051198 0.153352 0.000000 -0.017061 0.976216 -0.216128 28.651899 -0.160770 0.210668 0.964247 0.000000 0.000000 0.000000 0.000000 1.000000
0.986527 0.055959 0.153733 0.000000 -0.022288 0.976893 -0.212566 28.651899 -0.162076 0.206276 0.964978 0.000000 0.000000 0.000000 0.000000 1.000000
0.986291 0.059640 0.153859 -0.000000 -0.026631 0.977708 -0.208272 28.651899 -0.162850 0.201320 0.965893 0.000000 0.000000 0.000000 0.000000 1.000000
0.986132 0.061946 0.153969 -0.000000 -0.029347 0.978197 -0.205597 28.651899 -0.163348 0.198227 0.966449 0.000000 0.000000 0.000000 0.000000 1.000000
0.986122 0.062665 0.153745 -0.000000 -0.030394 0.978521 -0.203895 28.651899 -0.163219 0.196392 0.966845 -0.000000 0.000000 0.000000 0.000000 1.000000</float_array>
        <technique_common>
          <accessor source="#mixamorig_Spine1-Matrix-animation-output-transform-array" count="57" stride="16">
            <param type="float4x4"/>
          </accessor>
        </technique_common>
      </source>
      <source id="mixamorig_Spine1-Interpolations">
        <Name_array id="mixamorig_Spine1-Interpolations-array" count="57">
 LINEAR LINEAR LINEAR LINEAR LINEAR LINEAR LINEAR LINEAR LINEAR LINEAR LINEAR
LINEAR LINEAR LINEAR LINEAR LINEAR LINEAR LINEAR LINEAR LINEAR LINEAR LINEAR LINEAR
LINEAR LINEAR LINEAR LINEAR LINEAR LINEAR LINEAR LINEAR LINEAR LINEAR LINEAR LINEAR
LINEAR LINEAR LINEAR LINEAR LINEAR LINEAR LINEAR LINEAR LINEAR LINEAR LINEAR LINEAR
LINEAR LINEAR LINEAR LINEAR LINEAR LINEAR LINEAR LINEAR LINEAR LINEAR</Name_array>
        <technique_common>
          <accessor source="#mixamorig_Spine1-Interpolations-array" count="57">
            <param type="name"/>
          </accessor>
        </technique_common>
      </source>
      <sampler id="mixamorig_Spine1-Matrix-animation-transform">
        <input semantic="INPUT" source="#mixamorig_Spine1-Matrix-animation-input"/>
        <input semantic="OUTPUT" source="#mixamorig_Spine1-Matrix-animation-output-transform"/>
        <input semantic="INTERPOLATION" source="#mixamorig_Spine1-Interpolations"/>
      </sampler>
      <channel source="#mixamorig_Spine1-Matrix-animation-transform" target="mixamorig_Spine1/matrix"/>
    </animation>
    <animation id="mixamorig_Spine2-anim" name="mixamorig_Spine2">
      <source id="mixamorig_Spine2-Matrix-animation-input">
        <float_array id="mixamorig_Spine2-Matrix-animation-input-array" count="57">

0.000000 0.033333 0.066667 0.100000 0.133333 0.166667 0.200000 0.233333 0.266667 0.300000 0.333333 0.366667 0.400000 0.433333 0.466667 0.500000
0.533333 0.566667 0.600000 0.633333 0.666667 0.700000 0.733333 0.766667 0.800000 0.833333 0.866667 0.900000 0.933333 0.966667 1.000000 1.033333
1.066667 1.100000 1.133333 1.166667 1.200000 1.233333 1.266667 1.300000 1.333333 1.366667 1.400000 1.433333 1.466667 1.500000 1.533333 1.566667
1.600000 1.633333 1.666667 1.700000 1.733333 1.766667 1.800000 1.833333 1.866667</float_array>
        <technique_common>
          <accessor source="#mixamorig_Spine2-Matrix-animation-input-array" count="57">
            <param name="TIME" type="float"/>
          </accessor>
        </technique_common>
      </source>
      <source id="mixamorig_Spine2-Matrix-animation-output-transform">
        <float_array id="mixamorig_Spine2-Matrix-animation-output-transform-array" count="912">

0.986175 0.062399 0.153507 -0.000000 -0.030268 0.978638 -0.203353 32.744999 -0.162917 0.195895 0.966997 0.000000 0.000000 0.000000 0.000000 1.000000
0.987912 0.060992 0.142513 -0.000000 -0.031061 0.978584 -0.203490 32.744999 -0.151872 0.196603 0.968650 0.000000 0.000000 0.000000 0.000000 1.000000
0.990355 0.057260 0.126170 0.000000 -0.030039 0.977685 -0.207919 32.744999 -0.135260 0.202123 0.969975 0.000000 0.000000 0.000000 0.000000 1.000000
0.992101 0.052632 0.113868 -0.000000 -0.027353 0.976647 -0.213104 32.744999 -0.122425 0.208306 0.970371 0.000000 0.000000 0.000000 0.000000 1.000000
0.993727 0.044268 0.102698 -0.000000 -0.020423 0.974713 -0.222527 32.744999 -0.109951 0.219034 0.969502 0.000000 0.000000 0.000000 0.000000 1.000000
0.995624 0.033828 0.087117 0.000000 -0.012354 0.971647 -0.236113 32.744999 -0.092634 0.234004 0.967813 -0.000000 0.000000 0.000000 0.000000 1.000000
0.997883 0.023004 0.060836 -0.000000 -0.006902 0.967536 -0.252639 32.744999 -0.064673 0.251684 0.965646 0.000000 0.000000 0.000000 0.000000 1.000000
0.999381 0.012498 0.032888 0.000000 -0.002901 0.960873 -0.276975 32.744999 -0.035063 0.276708 0.960314 0.000000 0.000000 0.000000 0.000000 1.000000
0.999801 0.008632 0.018008 -0.000000 -0.002906 0.955041 -0.296459 32.744999 -0.019757 0.296347 0.954876 0.000000 0.000000 0.000000 0.000000 1.000000
0.999912 0.006925 0.011355 -0.000000 -0.003112 0.951849 -0.306550 32.744999 -0.012931 0.306488 0.951787 0.000000 0.000000 0.000000 0.000000 1.000000
0.999959 -0.001013 0.008972 -0.000000 0.003786 0.949148 -0.314808 32.744999 -0.008197 0.314829 0.949113 0.000000 0.000000 0.000000 0.000000 1.000000
0.999809 -0.001518 0.019501 -0.000000 0.007361 0.952892 -0.303221 32.744999 -0.018122 0.303306 0.952721 0.000000 0.000000 0.000000 0.000000 1.000000
0.999708 0.001044 0.024149 0.000000 0.005609 0.961773 -0.273791 32.744999 -0.023512 0.273847 0.961486 0.000000 0.000000 0.000000 0.000000 1.000000
0.999647 0.000545 0.026566 0.000000 0.006232 0.967094 -0.254343 32.744999 -0.025830 0.254419 0.966749 0.000000 0.000000 0.000000 0.000000 1.000000
0.999103 0.012272 0.040522 -0.000000 -0.002106 0.970293 -0.241923 32.744999 -0.042287 0.241621 0.969449 0.000000 0.000000 0.000000 0.000000 1.000000
0.998059 0.030425 0.054335 0.000000 -0.018472 0.977895 -0.208280 32.744999 -0.059471 0.206872 0.976559 -0.000000 0.000000 0.000000 0.000000 1.000000
0.997036 0.044543 0.062732 0.000000 -0.032885 0.983855 -0.175920 32.744999 -0.069555 0.173336 0.982404 0.000000 0.000000 0.000000 0.000000 1.000000
0.996053 0.058173 0.067040 -0.000000 -0.045293 0.982668 -0.179755 32.744999 -0.076335 0.176010 0.981424 0.000000 0.000000 0.000000 0.000000 1.000000
0.995326 0.071429 0.064988 -0.000000 -0.057021 0.977841 -0.201436 32.744999 -0.077936 0.196789 0.977343 -0.000000 0.000000 0.000000 0.000000 1.000000
0.995152 0.081167 0.055533 0.000000 -0.066625 0.971755 -0.226390 32.744999 -0.072340 0.221593 0.972452 0.000000 0.000000 0.000000 0.000000 1.000000
0.994800 0.095817 0.034535 0.000000 -0.083583 0.961773 -0.260782 32.744999 -0.058202 0.256539 0.964780 0.000000 0.000000 0.000000 0.000000 1.000000
0.994299 0.106326 0.008025 0.000000 -0.098666 0.945978 -0.308855 32.744999 -0.040430 0.306302 0.951075 0.000000 0.000000 0.000000 0.000000 1.000000
0.992998 0.117466 -0.012557 0.000000 -0.113544 0.919660 -0.375942 32.744999 -0.032612 0.374736 0.926558 0.000000 0.000000 0.000000 0.000000 1.000000
0.991842 0.124783 -0.026061 -0.000000 -0.123422 0.888875 -0.441212 32.744999 -0.031891 0.440829 0.897024 0.000000 0.000000 0.000000 0.000000 1.000000
0.992137 0.120362 -0.034307 0.000000 -0.121867 0.866637 -0.483827 32.744999 -0.028503 0.484204 0.874491 0.000000 0.000000 0.000000 0.000000 1.000000
0.993413 0.108054 -0.038134 0.000000 -0.112789 0.863387 -0.491774 32.744999 -0.020214 0.492836 0.869887 0.000000 0.000000 0.000000 0.000000 1.000000
0.995113 0.091653 -0.036746 -0.000000 -0.098102 0.875252 -0.473613 32.744999 -0.011246 0.474903 0.879966 0.000000 0.000000 0.000000 0.000000 1.000000
0.996717 0.073107 -0.034802 -0.000000 -0.080965 0.896367 -0.435856 32.744999 -0.000669 0.437242 0.899343 0.000000 0.000000 0.000000 0.000000 1.000000
0.997829 0.053701 -0.038118 -0.000000 -0.064205 0.922041 -0.381730 32.744999 0.014646 0.383349 0.923487 0.000000 0.000000 0.000000 0.000000 1.000000
0.998506 0.037302 -0.039922 0.000000 -0.048012 0.947793 -0.315251 32.744999 0.026078 0.316696 0.948168 0.000000 0.000000 0.000000 0.000000 1.000000
0.999157 0.027912 -0.030087 -0.000000 -0.034686 0.966171 -0.255559 32.744999 0.021936 0.256388 0.966325 0.000000 0.000000 0.000000 0.000000 1.000000
0.999588 0.021266 -0.019298 0.000000 -0.024876 0.976977 -0.211890 32.744999 0.014347 0.212283 0.977103 0.000000 0.000000 0.000000 0.000000 1.000000
0.999836 0.015520 -0.009309 0.000000 -0.016965 0.982877 -0.183478 32.744999 0.006302 0.183605 0.982980 0.000000 0.000000 0.000000 0.000000 1.000000
0.999896 0.012922 -0.006467 -0.000000 -0.013897 0.982565 -0.185399 32.744999 0.003958 0.185470 0.982642 0.000000 0.000000 0.000000 0.000000 1.000000
