<?xml version="1.0" encoding="utf-8"?>
<COLLADA xmlns="http://www.collada.org/2005/11/COLLADASchema" version="1.4.1">
  <asset>
    <contributor>
      <author>Mixamo</author>
      <authoring_tool>COLLADA Mixamo exporter</authoring_tool>
      <comments/>
    </contributor>
    <created>2026-03-19T17:31:14Z</created>
    <modified>2026-03-19T17:31:14Z</modified>
    <revision/>
    <title/>
    <unit meter="0.010000"/>
    <up_axis>Y_UP</up_axis>
  </asset>
  <library_animations>
    <animation id="mixamorig_Hips-anim" name="mixamorig_Hips">
      <source id="mixamorig_Hips-Matrix-animation-input">
        <float_array id="mixamorig_Hips-Matrix-animation-input-array" count="20">

0.000000 0.033333 0.066667 0.100000 0.133333 0.166667 0.200000 0.233333 0.266667 0.300000 0.333333 0.366667 0.400000 0.433333 0.466667 0.500000
0.533333 0.566667 0.600000 0.633333</float_array>
        <technique_common>
          <accessor source="#mixamorig_Hips-Matrix-animation-input-array" count="20">
            <param name="TIME" type="float"/>
          </accessor>
        </technique_common>
      </source>
      <source id="mixamorig_Hips-Matrix-animation-output-transform">
        <float_array id="mixamorig_Hips-Matrix-animation-output-transform-array" count="320">

0.993044 0.009391 -0.117367 0.773724 -0.025085 0.990802 -0.132973 143.309692 0.115039 0.134992 0.984146 -1.911381 0.000000 0.000000 0.000000 1.000000
0.996185 -0.005976 -0.087059 0.517540 -0.006543 0.989729 -0.142806 142.279037 0.087018 0.142831 0.985914 -1.346830 0.000000 0.000000 0.000000 1.000000
0.997736 -0.011313 -0.066289 -0.253379 -0.000185 0.985281 -0.170941 142.563950 0.067247 0.170566 0.983049 -2.885432 0.000000 0.000000 0.000000 1.000000
0.998385 0.012633 -0.055382 -0.718875 -0.022329 0.983755 -0.178125 143.291138 0.052232 0.179074 0.982448 -2.725685 0.000000 0.000000 0.000000 1.000000
0.999625 0.018243 -0.020407 -1.110501 -0.021049 0.988902 -0.147072 141.755432 0.017497 0.147447 0.988915 -3.484296 0.000000 0.000000 0.000000 1.000000
0.998347 0.000153 0.057478 -1.397655 0.006513 0.993254 -0.115774 139.765945 -0.057108 0.115957 0.991611 -2.805428 0.000000 0.000000 0.000000 1.000000
0.990233 -0.030900 0.135952 -1.408417 0.046641 0.992366 -0.114168 139.204208 -0.131387 0.119394 0.984115 -0.241703 0.000000 0.000000 0.000000 1.000000
0.983248 -0.060026 0.172104 -0.970618 0.084620 0.986624 -0.139332 139.528610 -0.161439 0.151561 0.975175 -3.221786 0.000000 0.000000 0.000000 1.000000
0.984106 -0.051735 0.169878 -0.580257 0.081545 0.981452 -0.173500 140.276443 -0.157751 0.184595 0.970072 -6.666085 0.000000 0.000000 0.000000 1.000000
0.987322 -0.018816 0.157611 0.033803 0.050232 0.978955 -0.197799 141.530243 -0.150572 0.203208 0.967489 -6.207113 0.000000 0.000000 0.000000 1.000000
0.988084 0.012936 0.153370 0.654849 0.019450 0.977980 -0.207791 141.157822 -0.152681 0.208298 0.966075 -2.946717 0.000000 0.000000 0.000000 1.000000
0.988562 0.012243 0.150320 1.143824 0.020291 0.976841 -0.213002 142.885056 -0.149446 0.213616 0.965419 -2.033157 0.000000 0.000000 0.000000 1.000000
0.989975 -0.007284 0.141057 1.122604 0.037599 0.976227 -0.213464 144.369003 -0.136148 0.216628 0.966714 -0.722152 0.000000 0.000000 0.000000 1.000000
0.990090 -0.016214 0.139493 1.298894 0.043936 0.979211 -0.198027 143.586548 -0.133382 0.202193 0.970220 -1.558633 0.000000 0.000000 0.000000 1.000000
0.990908 -0.026869 0.131834 1.422384 0.049470 0.983979 -0.171286 141.510834 -0.125120 0.176250 0.976361 0.704131 0.000000 0.000000 0.000000 1.000000
0.995969 -0.034468 0.082816 1.656198 0.047235 0.986386 -0.157519 138.800217 -0.076259 0.160796 0.984037 1.972054 0.000000 0.000000 0.000000 1.000000
0.999627 -0.012170 -0.024450 1.949727 0.007995 0.986409 -0.164115 140.594940 0.026116 0.163859 0.986138 1.292388 0.000000 0.000000 0.000000 1.000000
0.994090 0.013912 -0.107661 1.524694 -0.031076 0.986719 -0.159436 141.031555 0.104013 0.161840 0.981320 0.753858 0.000000 0.000000 0.000000 1.000000
0.990958 0.019998 -0.132673 1.136073 -0.038875 0.989209 -0.141258 142.646576 0.128416 0.145139 0.981042 -1.900074 0.000000 0.000000 0.000000 1.000000
0.993044 0.009391 -0.117367 0.773724 -0.025085 0.990802 -0.132973 143.309692 0.115039 0.134992 0.984146 -1.911379 0.000000 0.000000 0.000000 1.000000</float_array>
        <technique_common>
          <accessor source="#mixamorig_Hips-Matrix-animation-output-transform-array" count="20" stride="16">
            <param type="float4x4"/>
          </accessor>
        </technique_common>
      </source>
      <source id="mixamorig_Hips-Interpolations">
        <Name_array id="mixamorig_Hips-Interpolations-array" count="20">
 LINEAR LINEAR LINEAR LINEAR LINEAR LINEAR LINEAR LINEAR LINEAR LINEAR LINEAR
LINEAR LINEAR LINEAR LINEAR LINEAR LINEAR LINEAR LINEAR LINEAR</Name_array>
        <technique_common>
          <accessor source="#mixamorig_Hips-Interpolations-array" count="20">
            <param type="name"/>
          </accessor>
        </technique_common>
      </source>
      <sampler id="mixamorig_Hips-Matrix-animation-transform">
        <input semantic="INPUT" source="#mixamorig_Hips-Matrix-animation-input"/>
        <input semantic="OUTPUT" source="#mixamorig_Hips-Matrix-animation-output-transform"/>
        <input semantic="INTERPOLATION" source="#mixamorig_Hips-Interpolations"/>
      </sampler>
      <channel source="#mixamorig_Hips-Matrix-animation-transform" target="mixamorig_Hips/matrix"/>
    </animation>
    <animation id="mixamorig_Spine-anim" name="mixamorig_Spine">
      <source id="mixamorig_Spine-Matrix-animation-input">
        <float_array id="mixamorig_Spine-Matrix-animation-input-array" count="20">

0.000000 0.033333 0.066667 0.100000 0.133333 0.166667 0.200000 0.233333 0.266667 0.300000 0.333333 0.366667 0.400000 0.433333 0.466667 0.500000
0.533333 0.566667 0.600000 0.633333</float_array>
        <technique_common>
          <accessor source="#mixamorig_Spine-Matrix-animation-input-array" count="20">
            <param name="TIME" type="float"/>
          </accessor>
        </technique_common>
      </source>
      <source id="mixamorig_Spine-Matrix-animation-output-transform">
        <float_array id="mixamorig_Spine-Matrix-animation-output-transform-array" count="320">

0.967742 0.046932 0.247533 -0.000000 0.028355 0.955966 -0.292105 24.514400 -0.250343 0.289701 0.923797 1.476400 0.000000 0.000000 0.000000 1.000000
0.962127 0.064587 0.264839 0.000000 -0.005303 0.975778 -0.218700 24.514400 -0.272549 0.209012 0.939165 1.476400 0.000000 0.000000 0.000000 1.000000
0.958091 0.060019 0.280107 0.000000 -0.021200 0.989979 -0.139612 24.514400 -0.285680 0.127822 0.949762 1.476400 0.000000 0.000000 0.000000 1.000000
0.957508 0.023491 0.287447 0.000000 0.008473 0.993956 -0.109455 24.514400 -0.288281 0.107239 0.951522 1.476400 0.000000 0.000000 0.000000 1.000000
0.969459 0.027965 0.243654 0.000000 0.012403 0.986616 -0.162586 24.514400 -0.244940 0.160642 0.956137 1.476400 0.000000 0.000000 0.000000 1.000000
0.988542 0.066832 0.135346 -0.000000 -0.032501 0.969852 -0.241517 24.514400 -0.147407 0.234350 0.960912 1.476400 0.000000 0.000000 0.000000 1.000000
0.994949 0.100369 0.001828 0.000000 -0.095325 0.950342 -0.296250 24.514400 -0.031471 0.294579 0.955109 1.476400 0.000000 0.000000 0.000000 1.000000
0.988191 0.112153 -0.104407 0.000000 -0.139532 0.940227 -0.310653 24.514400 0.063326 0.321552 0.944772 1.476400 0.000000 0.000000 0.000000 1.000000
0.979843 0.097975 -0.174093 0.000000 -0.142623 0.953300 -0.266229 24.514400 0.139879 0.285692 0.948058 1.476400 0.000000 0.000000 0.000000 1.000000
0.969039 0.068831 -0.237118 0.000000 -0.110405 0.979793 -0.166783 24.514400 0.220847 0.187798 0.957057 1.476400 0.000000 0.000000 0.000000 1.000000
0.956707 0.029228 -0.289580 0.000000 -0.051194 0.996332 -0.068572 24.514400 0.286514 0.080429 0.954694 1.476400 0.000000 0.000000 0.000000 1.000000
0.950000 0.016329 -0.311824 0.000000 -0.021717 0.999669 -0.013814 24.514400 0.311495 0.019895 0.950040 1.476400 0.000000 0.000000 0.000000 1.000000
0.951937 0.031728 -0.304645 0.000000 -0.034499 0.999398 -0.003716 24.514400 0.304344 0.014047 0.952459 1.476400 0.000000 0.000000 0.000000 1.000000
0.956963 0.038959 -0.287583 -0.000000 -0.050181 0.998235 -0.031752 24.514400 0.285839 0.044817 0.957229 1.476400 0.000000 0.000000 0.000000 1.000000
0.968744 0.034850 -0.245600 0.000000 -0.059552 0.993801 -0.093878 24.514400 0.240806 0.105569 0.964815 1.476400 0.000000 0.000000 0.000000 1.000000
0.988698 0.019859 -0.148602 0.000000 -0.047355 0.981811 -0.183861 24.514400 0.142247 0.188820 0.971655 1.476400 0.000000 0.000000 0.000000 1.000000
0.999970 -0.000837 0.007677 -0.000000 0.002881 0.962777 -0.270283 24.514400 -0.007166 0.270297 0.962750 1.476400 0.000000 0.000000 0.000000 1.000000
0.991037 -0.004230 0.133522 0.000000 0.046907 0.946876 -0.318160 24.514400 -0.125083 0.321572 0.938587 1.476400 0.000000 0.000000 0.000000 1.000000
0.977762 0.017522 0.208984 0.000000 0.052572 0.944206 -0.325131 24.514400 -0.203021 0.328888 0.922288 1.476400 0.000000 0.000000 0.000000 1.000000
0.967742 0.046932 0.247533 0.000000 0.028355 0.955966 -0.292105 24.514400 -0.250342 0.289701 0.923797 1.476400 0.000000 0.000000 0.000000 1.000000</float_array>
        <technique_common>
          <accessor source="#mixamorig_Spine-Matrix-animation-output-transform-array" count="20" stride="16">
            <param type="float4x4"/>
          </accessor>
        </technique_common>
      </source>
      <source id="mixamorig_Spine-Interpolations">
        <Name_array id="mixamorig_Spine-Interpolations-array" count="20">
 LINEAR LINEAR LINEAR LINEAR LINEAR LINEAR LINEAR LINEAR LINEAR LINEAR LINEAR
LINEAR LINEAR LINEAR LINEAR LINEAR LINEAR LINEAR LINEAR LINEAR</Name_array>
        <technique_common>
          <accessor source="#mixamorig_Spine-Interpolations-array" count="20">
            <param type="name"/>
          </accessor>
        </technique_common>
      </source>
      <sampler id="mixamorig_Spine-Matrix-animation-transform">
        <input semantic="INPUT" source="#mixamorig_Spine-Matrix-animation-input"/>
        <input semantic="OUTPUT" source="#mixamorig_Spine-Matrix-animation-output-transform"/>
        <input semantic="INTERPOLATION" source="#mixamorig_Spine-Interpolations"/>
      </sampler>
      <channel source="#mixamorig_Spine-Matrix-animation-transform" target="mixamorig_Spine/matrix"/>
    </animation>
    <animation id="mixamorig_Spine1-anim" name="mixamorig_Spine1">
      <source id="mixamorig_Spine1-Matrix-animation-input">
        <float_array id="mixamorig_Spine1-Matrix-animation-input-array" count="20">

0.000000 0.033333 0.066667 0.100000 0.133333 0.166667 0.200000 0.233333 0.266667 0.300000 0.333333 0.366667 0.400000 0.433333 0.466667 0.500000
0.533333 0.566667 0.600000 0.633333</float_array>
        <technique_common>
          <accessor source="#mixamorig_Spine1-Matrix-animation-input-array" count="20">
            <param name="TIME" type="float"/>
          </accessor>
        </technique_common>
      </source>
      <source id="mixamorig_Spine1-Matrix-animation-output-transform">
        <float_array id="mixamorig_Spine1-Matrix-animation-output-transform-array" count="320">

0.999243 -0.021592 0.032367 -0.000000 0.019637 0.998032 0.059548 28.651899 -0.033589 -0.058868 0.997701 0.000000 0.000000 0.000000 0.000000 1.000000
0.999175 -0.018808 0.036006 0.000000 0.017531 0.999218 0.035438 28.651899 -0.036644 -0.034777 0.998723 -0.000000 0.000000 0.000000 0.000000 1.000000
0.999249 -0.007511 0.038020 -0.000000 0.007155 0.999929 0.009478 28.651899 -0.038089 -0.009199 0.999232 0.000000 0.000000 0.000000 0.000000 1.000000
0.999255 0.005424 0.038215 0.000000 -0.005382 0.999985 -0.001195 28.651899 -0.038221 0.000989 0.999269 0.000000 0.000000 0.000000 0.000000 1.000000
0.999478 0.001050 0.032276 0.000000 -0.001163 0.999993 0.003477 28.651899 -0.032272 -0.003513 0.999473 0.000000 0.000000 0.000000 0.000000 1.000000
0.999529 -0.023981 0.019152 0.000000 0.023577 0.999500 0.021072 28.651899 -0.019648 -0.020610 0.999594 -0.000000 0.000000 0.000000 0.000000 1.000000
0.998625 -0.052253 0.004284 0.000000 0.051978 0.997424 0.049428 28.651899 -0.006856 -0.049137 0.998769 -0.000000 0.000000 0.000000 0.000000 1.000000
0.997510 -0.070119 -0.007502 0.000000 0.070446 0.995678 0.060515 28.651899 0.003227 -0.060893 0.998139 0.000000 0.000000 0.000000 0.000000 1.000000
0.996741 -0.078786 -0.017318 0.000000 0.079297 0.996364 0.031141 28.651899 0.014801 -0.032413 0.999365 0.000000 0.000000 0.000000 0.000000 1.000000
0.996902 -0.073781 -0.027239 0.000000 0.073534 0.997243 -0.009963 28.651899 0.027899 0.007929 0.999579 -0.000000 0.000000 0.000000 0.000000 1.000000
0.997688 -0.057923 -0.035559 -0.000000 0.056724 0.997816 -0.033860 28.651899 0.037443 0.031765 0.998794 -0.000000 0.000000 0.000000 0.000000 1.000000
0.998006 -0.050148 -0.038327 -0.000000 0.048441 0.997846 -0.044239 28.651899 0.040463 0.042295 0.998285 0.000000 0.000000 0.000000 0.000000 1.000000
0.997777 -0.056089 -0.035988 0.000000 0.054348 0.997383 -0.047671 28.651899 0.038567 0.045609 0.998215 -0.000000 0.000000 0.000000 0.000000 1.000000
0.997266 -0.066367 -0.032482 0.000000 0.064955 0.996972 -0.042763 28.651899 0.035221 0.040536 0.998557 0.000000 0.000000 0.000000 0.000000 1.000000
0.997285 -0.068474 -0.027086 0.000000 0.067763 0.997354 -0.026345 28.651899 0.028818 0.024438 0.999286 0.000000 0.000000 0.000000 0.000000 1.000000
0.998528 -0.051675 -0.016457 0.000000 0.051658 0.998664 -0.001493 28.651899 0.016512 0.000640 0.999863 0.000000 0.000000 0.000000 0.000000 1.000000
0.999602 -0.028182 -0.001383 0.000000 0.028207 0.999316 0.023898 28.651899 0.000708 -0.023927 0.999713 -0.000000 0.000000 0.000000 0.000000 1.000000
0.999750 -0.017627 0.013741 0.000000 0.016959 0.998735 0.047333 28.651899 -0.014558 -0.047088 0.998785 0.000000 0.000000 0.000000 0.000000 1.000000
0.999506 -0.018862 0.025139 -0.000000 0.017222 0.997806 0.063932 28.651899 -0.026289 -0.063467 0.997638 0.000000 0.000000 0.000000 0.000000 1.000000
0.999243 -0.021592 0.032367 -0.000000 0.019637 0.998032 0.059548 28.651899 -0.033589 -0.058867 0.997701 0.000000 0.000000 0.000000 0.000000 1.000000</float_array>
        <technique_common>
          <accessor source="#mixamorig_Spine1-Matrix-animation-output-transform-array" count="20" stride="16">
            <param type="float4x4"/>
          </accessor>
        </technique_common>
      </source>
      <source id="mixamorig_Spine1-Interpolations">
        <Name_array id="mixamorig_Spine1-Interpolations-array" count="20">
 LINEAR LINEAR LINEAR LINEAR LINEAR LINEAR LINEAR LINEAR LINEAR LINEAR LINEAR
LINEAR LINEAR LINEAR LINEAR LINEAR LINEAR LINEAR LINEAR LINEAR</Name_array>
        <technique_common>
          <accessor source="#mixamorig_Spine1-Interpolations-array" count="20">
            <param type="name"/>
          </accessor>
        </technique_common>
      </source>
      <sampler id="mixamorig_Spine1-Matrix-animation-transform">
        <input semantic="INPUT" source="#mixamorig_Spine1-Matrix-animation-input"/>
        <input semantic="OUTPUT" source="#mixamorig_Spine1-Matrix-animation-output-transform"/>
        <input semantic="INTERPOLATION" source="#mixamorig_Spine1-Interpolations"/>
      </sampler>
      <channel source="#mixamorig_Spine1-Matrix-animation-transform" target="mixamorig_Spine1/matrix"/>
    </animation>
    <animation id="mixamorig_Spine2-anim" name="mixamorig_Spine2">
      <source id="mixamorig_Spine2-Matrix-animation-input">
        <float_array id="mixamorig_Spine2-Matrix-animation-input-array" count="20">

0.000000 0.033333 0.066667 0.100000 0.133333 0.166667 0.200000 0.233333 0.266667 0.300000 0.333333 0.366667 0.400000 0.433333 0.466667 0.500000
0.533333 0.566667 0.600000 0.633333</float_array>
        <technique_common>
          <accessor source="#mixamorig_Spine2-Matrix-animation-input-array" count="20">
            <param name="TIME" type="float"/>
          </accessor>
        </technique_common>
      </source>
      <source id="mixamorig_Spine2-Matrix-animation-output-transform">
        <float_array id="mixamorig_Spine2-Matrix-animation-output-transform-array" count="320">

0.999290 -0.019387 0.032303 0.000000 0.017464 0.998119 0.058772 32.744999 -0.033382 -0.058166 0.997749 -0.000000 0.000000 0.000000 0.000000 1.000000
0.999221 -0.016584 0.035800 -0.000000 0.015297 0.999237 0.035930 32.744999 -0.036368 -0.035355 0.998713 -0.000000 0.000000 0.000000 0.000000 1.000000
0.999258 -0.006342 0.037987 -0.000000 0.005937 0.999924 0.010774 32.744999 -0.038053 -0.010540 0.999220 -0.000000 0.000000 0.000000 0.000000 1.000000
0.999260 0.005308 0.038086 -0.000000 -0.005261 0.999985 -0.001342 32.744999 -0.038093 0.001140 0.999274 0.000000 0.000000 0.000000 0.000000 1.000000
0.999489 0.000835 0.031954 0.000000 -0.000915 0.999996 0.002498 32.744999 -0.031952 -0.002526 0.999486 0.000000 0.000000 0.000000 0.000000 1.000000
0.999557 -0.022749 0.019191 -0.000000 0.022316 0.999498 0.022473 32.744999 -0.019693 -0.022034 0.999563 0.000000 0.000000 0.000000 0.000000 1.000000
0.998673 -0.051308 0.004373 0.000000 0.051020 0.997407 0.050753 32.744999 -0.006965 -0.050463 0.998702 0.000000 0.000000 0.000000 0.000000 1.000000
0.997414 -0.071464 -0.007583 0.000000 0.071789 0.995662 0.059189 32.744999 0.003320 -0.059581 0.998218 0.000000 0.000000 0.000000 0.000000 1.000000
0.996714 -0.079253 -0.016734 -0.000000 0.079647 0.996526 0.024323 32.744999 0.014748 -0.025576 0.999564 0.000000 0.000000 0.000000 0.000000 1.000000
0.997044 -0.072360 -0.025831 -0.000000 0.071398 0.996784 -0.036386 32.744999 0.028380 0.034434 0.999004 -0.000000 0.000000 0.000000 0.000000 1.000000
0.997841 -0.056113 -0.034139 -0.000000 0.052978 0.994828 -0.086668 32.744999 0.038826 0.084672 0.995652 0.000000 0.000000 0.000000 0.000000 1.000000
0.998209 -0.046376 -0.037795 -0.000000 0.041857 0.992753 -0.112649 32.744999 0.042745 0.110865 0.992916 -0.000000 0.000000 0.000000 0.000000 1.000000
0.998012 -0.051563 -0.036240 0.000000 0.046904 0.991740 -0.119385 32.744999 0.042097 0.117448 0.992186 0.000000 0.000000 0.000000 0.000000 1.000000
0.997474 -0.063233 -0.032346 0.000000 0.059436 0.992451 -0.107276 32.744999 0.038885 0.105083 0.993703 0.000000 0.000000 0.000000 0.000000 1.000000
0.997507 -0.065474 -0.026329 -0.000000 0.063455 0.995432 -0.071332 32.744999 0.030879 0.069484 0.997105 0.000000 0.000000 0.000000 0.000000 1.000000
0.998568 -0.051118 -0.015775 0.000000 0.050786 0.998494 -0.020766 32.744999 0.016813 0.019935 0.999660 0.000000 0.000000 0.000000 0.000000 1.000000
0.999509 -0.031310 -0.000906 0.000000 0.031323 0.999252 0.022684 32.744999 0.000195 -0.022702 0.999742 0.000000 0.000000 0.000000 0.000000 1.000000
0.999697 -0.020087 0.014221 0.000000 0.019356 0.998570 0.049835 32.744999 -0.015202 -0.049544 0.998656 -0.000000 0.000000 0.000000 0.000000 1.000000
0.999507 -0.018390 0.025451 0.000000 0.016740 0.997835 0.063608 32.744999 -0.026565 -0.063151 0.997650 0.000000 0.000000 0.000000 0.000000 1.000000
0.999290 -0.019387 0.032303 0.000000 0.017464 0.998119 0.058772 32.744999 -0.033382 -0.058166 0.997749 -0.000000 0.000000 0.000000 0.000000 1.000000</float_array>
        <technique_common>
          <accessor source="#mixamorig_Spine2-Matrix-animation-output-transform-array" count="20" stride="16">
            <param type="float4x4"/>
          </accessor>
        </technique_common>
      </source>
      <source id="mixamorig_Spine2-Interpolations">
        <Name_array id="mixamorig_Spine2-Interpolations-array" count="20">
 LINEAR LINEAR LINEAR LINEAR LINEAR LINEAR LINEAR LINEAR LINEAR LINEAR LINEAR
LINEAR LINEAR LINEAR LINEAR LINEAR LINEAR LINEAR LINEAR LINEAR</Name_array>
        <technique_common>
          <accessor source="#mixamorig_Spine2-Interpolations-array" count="20">
            <param type="name"/>
          </accessor>
        </technique_common>
      </source>
      <sampler id="mixamorig_Spine2-Matrix-animation-transform">
        <input semantic="INPUT" source="#mixamorig_Spine2-Matrix-animation-input"/>
        <input semantic="OUTPUT" source="#mixamorig_Spine2-Matrix-animation-output-transform"/>
        <input semantic="INTERPOLATION" source="#mixamorig_Spine2-Interpolations"/>
      </sampler>
      <channel source="#mixamorig_Spine2-Matrix-animation-transform" target="mixamorig_Spine2/matrix"/>
    </animation>
    <animation id="mixamorig_Neck-anim" name="mixamorig_Neck">
      <source id="mixamorig_Neck-Matrix-animation-input">
        <float_array id="mixamorig_Neck-Matrix-animation-input-array" count="20">

0.000000 0.033333 0.066667 0.100000 0.133333 0.166667 0.200000 0.233333 0.266667 0.300000 0.333333 0.366667 0.400000 0.433333 0.466667 0.500000
0.533333 0.566667 0.600000 0.633333</float_array>
        <technique_common>
          <accessor source="#mixamorig_Neck-Matrix-animation-input-array" count="20">
            <param name="TIME" type="float"/>
          </accessor>
        </technique_common>
      </source>
      <source id="mixamorig_Neck-Matrix-animation-output-transform">
        <float_array id="mixamorig_Neck-Matrix-animation-output-transform-array" count="320">

0.997638 0.053298 -0.043326 -0.000000 -0.054049 0.998404 -0.016363 36.838200 0.042385 0.018666 0.998927 0.000000 0.000000 0.000000 0.000000 1.000000
0.997311 0.049108 -0.054405 0.000000 -0.051332 0.997870 -0.040265 36.838200 0.052311 0.042950 0.997707 0.000000 0.000000 0.000000 0.000000 1.000000
0.997083 0.045154 -0.061533 -0.000000 -0.047098 0.998424 -0.030509 36.838200 0.060058 0.033318 0.997639 -0.000000 0.000000 0.000000 0.000000 1.000000
0.996757 0.048899 -0.063912 -0.000000 -0.049127 0.998790 -0.002008 36.838200 0.063736 0.005141 0.997954 0.000000 0.000000 0.000000 0.000000 1.000000
0.995863 0.068002 -0.060279 0.000000 -0.067056 0.997594 0.017586 36.838200 0.061330 -0.013471 0.998027 0.000000 0.000000 0.000000 0.000000 1.000000
0.994636 0.089707 -0.051491 0.000000 -0.088959 0.995896 0.016638 36.838200 0.052772 -0.011968 0.998535 -0.000000 0.000000 0.000000 0.000000 1.000000
0.994640 0.095922 -0.038607 0.000000 -0.095689 0.995380 0.007845 36.838200 0.039181 -0.004109 0.999224 0.000000 0.000000 0.000000 0.000000 1.000000
0.996559 0.079799 -0.022407 0.000000 -0.079537 0.996756 0.012337 36.838200 0.023319 -0.010513 0.999673 0.000000 0.000000 0.000000 0.000000 1.000000
0.998655 0.051652 -0.004504 0.000000 -0.051476 0.998125 0.033111 36.838200 0.006206 -0.032835 0.999442 -0.000000 0.000000 0.000000 0.000000 1.000000
0.999509 0.028960 0.011937 0.000000 -0.029569 0.998078 0.054457 36.838200 -0.010337 -0.054783 0.998445 0.000000 0.000000 0.000000 0.000000 1.000000
0.999507 0.020664 0.023652 0.000000 -0.022157 0.997658 0.064709 36.838200 -0.022259 -0.065201 0.997624 0.000000 0.000000 0.000000 0.000000 1.000000
0.999336 0.021562 0.029367 0.000000 -0.023523 0.997396 0.068169 36.838200 -0.027820 -0.068814 0.997242 -0.000000 0.000000 0.000000 0.000000 1.000000
0.999316 0.021724 0.029918 0.000000 -0.023884 0.996984 0.073837 36.838200 -0.028224 -0.074501 0.996821 -0.000000 0.000000 0.000000 0.000000 1.000000
0.999471 0.018756 0.026575 0.000000 -0.020901 0.996338 0.082913 36.838200 -0.024922 -0.083425 0.996202 0.000000 0.000000 0.000000 0.000000 1.000000
0.999633 0.018272 0.019987 0.000000 -0.020017 0.995661 0.090875 36.838200 -0.018240 -0.091242 0.995662 -0.000000 0.000000 0.000000 0.000000 1.000000
0.999631 0.025008 0.010565 0.000000 -0.025890 0.995252 0.093825 36.838200 -0.008168 -0.094064 0.995533 -0.000000 0.000000 0.000000 0.000000 1.000000
0.999300 0.037395 -0.001129 0.000000 -0.037151 0.995430 0.087966 36.838200 0.004413 -0.087862 0.996123 -0.000000 0.000000 0.000000 0.000000 1.000000
0.998672 0.049430 -0.014514 0.000000 -0.048330 0.996497 0.068253 36.838200 0.017837 -0.067461 0.997562 0.000000 0.000000 0.000000 0.000000 1.000000
0.998074 0.054768 -0.029129 -0.000000 -0.053898 0.998100 0.029862 36.838200 0.030709 -0.028235 0.999129 0.000000 0.000000 0.000000 0.000000 1.000000
0.997638 0.053298 -0.043326 0.000000 -0.054049 0.998404 -0.016363 36.838200 0.042385 0.018666 0.998927 -0.000000 0.000000 0.000000 0.000000 1.000000</float_array>
        <technique_common>
          <accessor source="#mixamorig_Neck-Matrix-animation-output-transform-array" count="20" stride="16">
            <param type="float4x4"/>
          </accessor>
        </technique_common>
      </source>
      <source id="mixamorig_Neck-Interpolations">
        <Name_array id="mixamorig_Neck-Interpolations-array" count="20">
 LINEAR LINEAR LINEAR LINEAR LINEAR LINEAR LINEAR LINEAR LINEAR LINEAR LINEAR
LINEAR LINEAR LINEAR LINEAR LINEAR LINEAR LINEAR LINEAR LINEAR</Name_array>
        <technique_common>
          <accessor source="#mixamorig_Neck-Interpolations-array" count="20">
            <param type="name"/>
          </accessor>
        </technique_common>
      </source>
      <sampler id="mixamorig_Neck-Matrix-animation-transform">
        <input semantic="INPUT" source="#mixamorig_Neck-Matrix-animation-input"/>
        <input semantic="OUTPUT" source="#mixamorig_Neck-Matrix-animation-output-transform"/>
        <input semantic="INTERPOLATION" source="#mixamorig_Neck-Interpolations"/>
      </sampler>
      <channel source="#mixamorig_Neck-Matrix-animation-transform" target="mixamorig_Neck/matrix"/>
    </animation>
    <animation id="mixamorig_Head-anim" name="mixamorig_Head">
      <source id="mixamorig_Head-Matrix-animation-input">
        <float_array id="mixamorig_Head-Matrix-animation-input-array" count="20">

0.000000 0.033333 0.066667 0.100000 0.133333 0.166667 0.200000 0.233333 0.266667 0.300000 0.333333 0.366667 0.400000 0.433333 0.466667 0.500000
0.533333 0.566667 0.600000 0.633333</float_array>
        <technique_common>
          <accessor source="#mixamorig_Head-Matrix-animation-input-array" count="20">
            <param name="TIME" type="float"/>
          </accessor>
        </technique_common>
      </source>
      <source id="mixamorig_Head-Matrix-animation-output-transform">
        <float_array id="mixamorig_Head-Matrix-animation-output-transform-array" count="320">

0.993232 0.004900 -0.116040 -0.000000 0.034669 0.941052 0.336481 20.414101 0.110848 -0.338227 0.934513 -1.809300 0.000000 0.000000 0.000000 1.000000
0.984829 0.005854 -0.173431 -0.000000 0.047660 0.951873 0.302764 20.414101 0.166857 -0.306436 0.937153 -1.809300 0.000000 0.000000 0.000000 1.000000
0.977517 0.008230 -0.210696 -0.000000 0.051257 0.959990 0.275302 20.414101 0.204531 -0.279912 0.937985 -1.809300 0.000000 0.000000 0.000000 1.000000
0.974699 0.004843 -0.223471 0.000000 0.057343 0.960889 0.270932 20.414101 0.216043 -0.276892 0.936299 -1.809300 0.000000 0.000000 0.000000 1.000000
0.977395 -0.002644 -0.211406 0.000000 0.064650 0.955764 0.286941 20.414101 0.201295 -0.294122 0.934330 -1.809300 0.000000 0.000000 0.000000 1.000000
0.983545 -0.010657 -0.180348 0.000000 0.069123 0.944499 0.321160 20.414101 0.166916 -0.328341 0.929694 -1.809300 0.000000 0.000000 0.000000 1.000000
0.990516 -0.018776 -0.136111 0.000000 0.067429 0.929555 0.362466 20.414101 0.119717 -0.368206 0.922004 -1.809300 0.000000 0.000000 0.000000 1.000000
0.997018 -0.021193 -0.074200 0.000000 0.048622 0.919199 0.390781 20.414101 0.059923 -0.393223 0.917488 -1.809300 0.000000 0.000000 0.000000 1.000000
0.999854 -0.014093 0.009654 0.000000 0.009249 0.921757 0.387658 20.414101 -0.014362 -0.387512 0.921753 -1.809300 0.000000 0.000000 0.000000 1.000000
0.995111 -0.002489 0.098733 0.000000 -0.032423 0.936046 0.350381 20.414101 -0.093291 -0.351869 0.931389 -1.809300 0.000000 0.000000 0.000000 1.000000
0.986898 0.006315 0.161220 -0.000000 -0.054803 0.952945 0.298147 20.414101 -0.151751 -0.303076 0.940806 -1.809300 0.000000 0.000000 0.000000 1.000000
0.982845 0.011978 0.184042 -0.000000 -0.060791 0.963162 0.261959 20.414101 -0.174124 -0.268653 0.947368 -1.809300 0.000000 0.000000 0.000000 1.000000
0.983236 0.021030 0.181120 0.000000 -0.068906 0.962521 0.262309 20.414101 -0.168815 -0.270392 0.947834 -1.809300 0.000000 0.000000 0.000000 1.000000
0.985799 0.034980 0.164246 0.000000 -0.082288 0.953215 0.290879 20.414101 -0.146387 -0.300263 0.942557 -1.809300 0.000000 0.000000 0.000000 1.000000
0.990290 0.045710 0.131290 0.000000 -0.085803 0.944024 0.318522 20.414101 -0.109381 -0.326694 0.938779 -1.809300 0.000000 0.000000 0.000000 1.000000
0.995242 0.047105 0.085285 0.000000 -0.072656 0.942037 0.327547 20.414101 -0.064913 -0.332185 0.940978 -1.809300 0.000000 0.000000 0.000000 1.000000
0.998437 0.039398 0.039638 -0.000000 -0.050259 0.943151 0.328543 20.414101 -0.024441 -0.330021 0.943657 -1.809300 0.000000 0.000000 0.000000 1.000000
0.999691 0.024814 -0.001696 0.000000 -0.022785 0.941003 0.337629 20.414101 0.009974 -0.337486 0.941278 -1.809300 0.000000 0.000000 0.000000 1.000000
0.998552 0.010984 -0.052669 -0.000000 0.008140 0.936828 0.349696 20.414101 0.053183 -0.349618 0.935382 -1.809300 0.000000 0.000000 0.000000 1.000000
0.993232 0.004900 -0.116040 0.000000 0.034669 0.941052 0.336481 20.414101 0.110848 -0.338227 0.934513 -1.809300 0.000000 0.000000 0.000000 1.000000</float_array>
        <technique_common>
          <accessor source="#mixamorig_Head-Matrix-animation-output-transform-array" count="20" stride="16">
            <param type="float4x4"/>
          </accessor>
        </technique_common>
      </source>
      <source id="mixamorig_Head-Interpolations">
        <Name_array id="mixamorig_Head-Interpolations-array" count="20">
 LINEAR LINEAR LINEAR LINEAR LINEAR LINEAR LINEAR LINEAR LINEAR LINEAR LINEAR
LINEAR LINEAR LINEAR LINEAR LINEAR LINEAR LINEAR LINEAR LINEAR</Name_array>
        <technique_common>
          <accessor source="#mixamorig_Head-Interpolations-array" count="20">
            <param type="name"/>
          </accessor>
        </technique_common>
      </source>
      <sampler id="mixamorig_Head-Matrix-animation-transform">
        <input semantic="INPUT" source="#mixamorig_Head-Matrix-animation-input"/>
        <input semantic="OUTPUT" source="#mixamorig_Head-Matrix-animation-output-transform"/>
        <input semantic="INTERPOLATION" source="#mixamorig_Head-Interpolations"/>
      </sampler>
      <channel source="#mixamorig_Head-Matrix-animation-transform" target="mixamorig_Head/matrix"/>
    </animation>
    <animation id="mixamorig_LeftShoulder-anim" name="mixamorig_LeftShoulder">
      <source id="mixamorig_LeftShoulder-Matrix-animation-input">
        <float_array id="mixamorig_LeftShoulder-Matrix-animation-input-array" count="20">

0.000000 0.033333 0.066667 0.100000 0.133333 0.166667 0.200000 0.233333 0.266667 0.300000 0.333333 0.366667 0.400000 0.433333 0.466667 0.500000
0.533333 0.566667 0.600000 0.633333</float_array>
        <technique_common>
          <accessor source="#mixamorig_LeftShoulder-Matrix-animation-input-array" count="20">
            <param name="TIME" type="float"/>
          </accessor>
        </technique_common>
      </source>
      <source id="mixamorig_LeftShoulder-Matrix-animation-output-transform">
        <float_array id="mixamorig_LeftShoulder-Matrix-animation-output-transform-array" count="320">

0.043540 0.806438 -0.589714 12.759400 0.013792 -0.590703 -0.806771 37.602402 -0.998956 0.026993 -0.036842 -1.834700 0.000000 0.000000 0.000000 1.000000
0.038571 0.816261 -0.576394 12.759400 0.010551 -0.577123 -0.816589 37.602402 -0.999200 0.025415 -0.030873 -1.834700 0.000000 0.000000 0.000000 1.000000
0.036487 0.821902 -0.568459 12.759400 0.008842 -0.569081 -0.822234 37.602402 -0.999295 0.024974 -0.028032 -1.834700 0.000000 0.000000 0.000000 1.000000
0.048119 0.809088 -0.585714 12.759400 0.014300 -0.586891 -0.809540 37.602402 -0.998739 0.030579 -0.039811 -1.834700 0.000000 0.000000 0.000000 1.000000
0.073596 0.777718 -0.624290 12.759400 0.026077 -0.627274 -0.778362 37.602402 -0.996947 0.041005 -0.066446 -1.834700 0.000000 0.000000 0.000000 1.000000
0.101025 0.750745 -0.652822 12.759400 0.036856 -0.658553 -0.751632 37.602402 -0.994201 0.051873 -0.094199 -1.834700 0.000000 0.000000 0.000000 1.000000
0.115618 0.739887 -0.662721 12.759400 0.041853 -0.670232 -0.740971 37.602402 -0.992412 0.057933 -0.108457 -1.834700 0.000000 0.000000 0.000000 1.000000
0.086799 0.753748 -0.651406 12.759400 0.033862 -0.655729 -0.754237 37.602402 -0.995650 0.043409 -0.082440 -1.834700 0.000000 0.000000 0.000000 1.000000
0.024761 0.782462 -0.622205 12.759400 0.015265 -0.622620 -0.782376 37.602402 -0.999577 0.009875 -0.027361 -1.834700 0.000000 0.000000 0.000000 1.000000
-0.033221 0.813150 -0.581105 12.759400 -0.003721 -0.581523 -0.813522 37.602402 -0.999441 -0.024864 0.022345 -1.834700 0.000000 0.000000 0.000000 1.000000
-0.072761 0.830718 -0.551919 12.759400 -0.016827 -0.554329 -0.832127 37.602402 -0.997207 -0.051260 0.054312 -1.834700 0.000000 0.000000 0.000000 1.000000
-0.080343 0.829991 -0.551960 12.759400 -0.018351 -0.554888 -0.831723 37.602402 -0.996598 -0.056694 0.059812 -1.834700 0.000000 0.000000 0.000000 1.000000
-0.059930 0.824295 -0.562980 12.759400 -0.012309 -0.564561 -0.825299 37.602402 -0.998127 -0.042530 0.043980 -1.834700 0.000000 0.000000 0.000000 1.000000
-0.028644 0.815719 -0.577739 12.759400 -0.003160 -0.578047 -0.815997 37.602402 -0.999585 -0.021548 0.019135 -1.834700 0.000000 0.000000 0.000000 1.000000
0.000095 0.803863 -0.594815 12.759400 0.005450 -0.594806 -0.803850 37.602402 -0.999985 -0.003165 -0.004437 -1.834700 0.000000 0.000000 0.000000 1.000000
0.023933 0.794495 -0.606798 12.759400 0.012366 -0.607161 -0.794483 37.602402 -0.999637 0.011510 -0.024356 -1.834700 0.000000 0.000000 0.000000 1.000000
0.052566 0.783494 -0.619172 12.759400 0.020956 -0.620758 -0.783722 37.602402 -0.998398 0.028222 -0.049049 -1.834700 0.000000 0.000000 0.000000 1.000000
0.067090 0.778999 -0.623425 12.759400 0.024900 -0.625946 -0.779469 37.602402 -0.997436 0.036771 -0.061392 -1.834700 0.000000 0.000000 0.000000 1.000000
0.053426 0.793422 -0.606323 12.759400 0.019014 -0.607889 -0.793795 37.602402 -0.998391 0.030881 -0.047563 -1.834700 0.000000 0.000000 0.000000 1.000000
0.043540 0.806437 -0.589714 12.759400 0.013792 -0.590703 -0.806771 37.602402 -0.998956 0.026993 -0.036842 -1.834700 0.000000 0.000000 0.000000 1.000000</float_array>
        <technique_common>
          <accessor source="#mixamorig_LeftShoulder-Matrix-animation-output-transform-array" count="20" stride="16">
            <param type="float4x4"/>
          </accessor>
        </technique_common>
      </source>
      <source id="mixamorig_LeftShoulder-Interpolations">
        <Name_array id="mixamorig_LeftShoulder-Interpolations-array" count="20">
 LINEAR LINEAR LINEAR LINEAR LINEAR LINEAR LINEAR LINEAR LINEAR LINEAR LINEAR
LINEAR LINEAR LINEAR LINEAR LINEAR LINEAR LINEAR LINEAR LINEAR</Name_array>
        <technique_common>
          <accessor source="#mixamorig_LeftShoulder-Interpolations-array" count="20">
            <param type="name"/>
          </accessor>
        </technique_common>
      </source>
      <sampler id="mixamorig_LeftShoulder-Matrix-animation-transform">
        <input semantic="INPUT" source="#mixamorig_LeftShoulder-Matrix-animation-input"/>
        <input semantic="OUTPUT" source="#mixamorig_LeftShoulder-Matrix-animation-output-transform"/>
        <input semantic="INTERPOLATION" source="#mixamorig_LeftShoulder-Interpolations"/>
      </sampler>
      <channel source="#mixamorig_LeftShoulder-Matrix-animation-transform" target="mixamorig_LeftShoulder/matrix"/>
    </animation>
    <animation id="mixamorig_LeftArm-anim" name="mixamorig_LeftArm">
      <source id="mixamorig_LeftArm-Matrix-animation-input">
        <float_array id="mixamorig_LeftArm-Matrix-animation-input-array" count="20">

0.000000 0.033333 0.066667 0.100000 0.133333 0.166667 0.200000 0.233333 0.266667 0.300000 0.333333 0.366667 0.400000 0.433333 0.466667 0.500000
0.533333 0.566667 0.600000 0.633333</float_array>
        <technique_common>
          <accessor source="#mixamorig_LeftArm-Matrix-animation-input-array" count="20">
            <param name="TIME" type="float"/>
          </accessor>
        </technique_common>
      </source>
      <source id="mixamorig_LeftArm-Matrix-animation-output-transform">
        <float_array id="mixamorig_LeftArm-Matrix-animation-output-transform-array" count="320">

0.517433 0.750262 0.411546 -0.000000 -0.505809 0.656079 -0.560105 36.090401 -0.690232 0.081653 0.718966 -0.000000 0.000000 0.000000 0.000000 1.000000
0.415670 0.804970 0.423369 0.000000 -0.602778 0.592396 -0.534533 36.090401 -0.681085 -0.033009 0.731460 0.000000 0.000000 0.000000 0.000000 1.000000
0.421504 0.822083 0.382772 0.000000 -0.633943 0.568949 -0.523845 36.090401 -0.648421 -0.021853 0.760968 0.000000 0.000000 0.000000 0.000000 1.000000
0.531619 0.792716 0.298298 -0.000000 -0.607592 0.602299 -0.517753 36.090401 -0.590096 0.094004 0.801842 0.000000 0.000000 0.000000 0.000000 1.000000
0.678382 0.706338 0.202200 0.000000 -0.537266 0.664639 -0.519230 36.090401 -0.501142 0.243601 0.830370 0.000000 0.000000 0.000000 0.000000 1.000000
0.807704 0.569491 0.152625 0.000000 -0.420768 0.738113 -0.527393 36.090401 -0.413000 0.361758 0.835801 0.000000 0.000000 0.000000 0.000000 1.000000
0.922532 0.354064 0.153537 0.000000 -0.233015 0.828175 -0.509736 36.090401 -0.307634 0.434471 0.846520 -0.000000 0.000000 0.000000 0.000000 1.000000
0.991061 0.010114 0.133025 -0.000000 0.054652 0.878837 -0.473983 36.090401 -0.121701 0.477016 0.870428 0.000000 0.000000 0.000000 0.000000 1.000000
0.926465 -0.374930 0.033022 -0.000000 0.345770 0.813174 -0.468179 36.090401 0.148682 0.445169 0.883016 0.000000 0.000000 0.000000 0.000000 1.000000
0.777136 -0.619969 -0.108160 0.000000 0.509290 0.720506 -0.470632 36.090401 0.369707 0.310661 0.875675 -0.000000 0.000000 0.000000 0.000000 1.000000
0.678404 -0.705421 -0.205305 -0.000000 0.586024 0.688109 -0.427880 36.090401 0.443108 0.169962 0.880209 0.000000 0.000000 0.000000 0.000000 1.000000
0.671567 -0.712418 -0.203614 0.000000 0.628977 0.693391 -0.351563 36.090401 0.391644 0.108030 0.913753 -0.000000 0.000000 0.000000 0.000000 1.000000
0.759087 -0.645667 -0.083070 0.000000 0.598596 0.742443 -0.300767 36.090401 0.255870 0.178583 0.950073 0.000000 0.000000 0.000000 0.000000 1.000000
0.887714 -0.446442 0.112485 -0.000000 0.456950 0.824543 -0.333656 36.090401 0.056209 0.347591 0.935960 0.000000 0.000000 0.000000 0.000000 1.000000
0.951366 -0.150372 0.268871 0.000000 0.258935 0.863171 -0.433461 36.090401 -0.166901 0.482000 0.860128 0.000000 0.000000 0.000000 0.000000 1.000000
0.941520 0.125902 0.312553 0.000000 0.059550 0.850800 -0.522104 36.090401 -0.331654 0.510184 0.793548 -0.000000 0.000000 0.000000 0.000000 1.000000
0.897835 0.338543 0.281569 0.000000 -0.127899 0.812381 -0.568929 36.090401 -0.421348 0.474791 0.772683 0.000000 0.000000 0.000000 0.000000 1.000000
0.817514 0.504549 0.277670 -0.000000 -0.268437 0.760401 -0.591381 36.090401 -0.509521 0.408926 0.757078 0.000000 0.000000 0.000000 0.000000 1.000000
0.679490 0.645787 0.348213 0.000000 -0.377788 0.714818 -0.588482 36.090401 -0.628943 0.268316 0.729683 0.000000 0.000000 0.000000 0.000000 1.000000
0.517432 0.750262 0.411546 0.000000 -0.505809 0.656079 -0.560105 36.090401 -0.690232 0.081652 0.718966 0.000000 0.000000 0.000000 0.000000 1.000000</float_array>
        <technique_common>
          <accessor source="#mixamorig_LeftArm-Matrix-animation-output-transform-array" count="20" stride="16">
            <param type="float4x4"/>
          </accessor>
        </technique_common>
      </source>
      <source id="mixamorig_LeftArm-Interpolations">
        <Name_array id="mixamorig_LeftArm-Interpolations-array" count="20">
 LINEAR LINEAR LINEAR LINEAR LINEAR LINEAR LINEAR LINEAR LINEAR LINEAR LINEAR
LINEAR LINEAR LINEAR LINEAR LINEAR LINEAR LINEAR LINEAR LINEAR</Name_array>
        <technique_common>
          <accessor source="#mixamorig_LeftArm-Interpolations-array" count="20">
            <param type="name"/>
          </accessor>
        </technique_common>
      </source>
