<?xml version="1.0" encoding="utf-8"?>
<COLLADA xmlns="http://www.collada.org/2005/11/COLLADASchema" version="1.4.1">
  <asset>
    <contributor>
      <author>Mixamo</author>
      <authoring_tool>COLLADA Mixamo exporter</authoring_tool>
      <comments/>
    </contributor>
    <created>2026-03-31T21:02:41Z</created>
    <modified>2026-03-31T21:02:41Z</modified>
    <revision/>
    <title/>
    <unit meter="0.010000"/>
    <up_axis>Y_UP</up_axis>
  </asset>
  <library_animations>
    <animation id="mixamorig_Hips-anim" name="mixamorig_Hips">
      <source id="mixamorig_Hips-Matrix-animation-input">
        <float_array id="mixamorig_Hips-Matrix-animation-input-array" count="226">

0.000000 0.033333 0.066667 0.100000 0.133333 0.166667 0.200000 0.233333 0.266667 0.300000 0.333333 0.366667 0.400000 0.433333 0.466667 0.500000
0.533333 0.566667 0.600000 0.633333 0.666667 0.700000 0.733333 0.766667 0.800000 0.833333 0.866667 0.900000 0.933333 0.966667 1.000000 1.033333
1.066667 1.100000 1.133333 1.166667 1.200000 1.233333 1.266667 1.300000 1.333333 1.366667 1.400000 1.433333 1.466667 1.500000 1.533333 1.566667
1.600000 1.633333 1.666667 1.700000 1.733333 1.766667 1.800000 1.833333 1.866667 1.900000 1.933333 1.966667 2.000000 2.033333 2.066667 2.100000
2.133333 2.166667 2.200000 2.233333 2.266667 2.300000 2.333333 2.366667 2.400000 2.433333 2.466667 2.500000 2.533333 2.566667 2.600000 2.633333
2.666667 2.700000 2.733333 2.766667 2.800000 2.833333 2.866667 2.900000 2.933333 2.966667 3.000000 3.033333 3.066667 3.100000 3.133333 3.166667
3.200000 3.233333 3.266667 3.300000 3.333333 3.366667 3.400000 3.433333 3.466667 3.500000 3.533333 3.566667 3.600000 3.633333 3.666667 3.700000
3.733333 3.766667 3.800000 3.833333 3.866667 3.900000 3.933333 3.966667 4.000000 4.033333 4.066667 4.100000 4.133333 4.166667 4.200000 4.233333
4.266667 4.300000 4.333333 4.366667 4.400000 4.433333 4.466667 4.500000 4.533333 4.566667 4.600000 4.633333 4.666667 4.700000 4.733333 4.766667
4.800000 4.833333 4.866667 4.900000 4.933333 4.966667 5.000000 5.033333 5.066667 5.100000 5.133333 5.166667 5.200000 5.233333 5.266667 5.300000
5.333333 5.366667 5.400000 5.433333 5.466667 5.500000 5.533333 5.566667 5.600000 5.633333 5.666667 5.700000 5.733333 5.766667 5.800000 5.833333
5.866667 5.900000 5.933333 5.966667 6.000000 6.033333 6.066667 6.100000 6.133333 6.166667 6.200000 6.233333 6.266667 6.300000 6.333333 6.366667
6.400000 6.433333 6.466667 6.500000 6.533333 6.566667 6.600000 6.633333 6.666667 6.700000 6.733333 6.766667 6.800000 6.833333 6.866667 6.900000
6.933333 6.966667 7.000000 7.033333 7.066667 7.100000 7.133333 7.166667 7.200000 7.233333 7.266667 7.300000 7.333333 7.366667 7.400000 7.433333
7.466667 7.500000</float_array>
        <technique_common>
          <accessor source="#mixamorig_Hips-Matrix-animation-input-array" count="226">
            <param name="TIME" type="float"/>
          </accessor>
        </technique_common>
      </source>
      <source id="mixamorig_Hips-Matrix-animation-output-transform">
        <float_array id="mixamorig_Hips-Matrix-animation-output-transform-array" count="3616">

0.989515 -0.086053 -0.115992 -3.914844 0.080210 0.995307 -0.054141 139.851654 0.120107 0.044269 0.991773 -1.041475 0.000000 0.000000 0.000000 1.000000
0.990864 -0.079489 -0.108950 -3.213797 0.074456 0.995994 -0.049519 139.592133 0.112450 0.040954 0.992813 -1.183071 0.000000 0.000000 0.000000 1.000000
0.992887 -0.065665 -0.099320 -2.590865 0.061534 0.997130 -0.044099 139.486801 0.101931 0.037674 0.994078 -1.513644 0.000000 0.000000 0.000000 1.000000
0.995525 -0.043211 -0.084044 -2.050988 0.039773 0.998319 -0.042162 139.553970 0.085724 0.038630 0.995570 -2.108024 0.000000 0.000000 0.000000 1.000000
0.998095 -0.010640 -0.060769 -1.570501 0.007668 0.998773 -0.048917 139.738815 0.061215 0.048358 0.996952 -3.060620 0.000000 0.000000 0.000000 1.000000
0.998986 0.031283 -0.032378 -1.108805 -0.033418 0.997151 -0.067629 139.873077 0.030170 0.068642 0.997185 -4.482862 0.000000 0.000000 0.000000 1.000000
0.997028 0.076507 -0.009021 -0.391925 -0.077021 0.992309 -0.096902 139.620468 0.001538 0.097308 0.995253 -6.477015 0.000000 0.000000 0.000000 1.000000
0.993349 0.115113 -0.002426 0.353407 -0.114435 0.984742 -0.131101 138.694733 -0.012702 0.130506 0.991366 -8.937767 0.000000 0.000000 0.000000 1.000000
0.990183 0.138838 -0.016189 0.775917 -0.139603 0.976472 -0.164359 136.888199 -0.007011 0.165005 0.986268 -11.576396 0.000000 0.000000 0.000000 1.000000
0.988495 0.145151 -0.042518 0.701963 -0.150671 0.969577 -0.192921 134.402145 0.013222 0.197107 0.980293 -14.030529 0.000000 0.000000 0.000000 1.000000
0.987823 0.139748 -0.068380 0.386418 -0.151324 0.965128 -0.213610 132.024582 0.036144 0.221356 0.974523 -16.029625 0.000000 0.000000 0.000000 1.000000
0.987145 0.135995 -0.083969 0.482591 -0.151680 0.962727 -0.223940 131.153076 0.050385 0.233797 0.970979 -17.442316 0.000000 0.000000 0.000000 1.000000
0.986688 0.139915 -0.082887 0.809422 -0.155284 0.961988 -0.224646 131.432480 0.048305 0.234527 0.970909 -18.350267 0.000000 0.000000 0.000000 1.000000
0.986132 0.153683 -0.062646 1.426858 -0.163777 0.962199 -0.217603 133.146591 0.026836 0.224845 0.974025 -18.830309 0.000000 0.000000 0.000000 1.000000
0.985145 0.169927 -0.024798 2.242393 -0.171411 0.964261 -0.202037 136.266159 -0.010420 0.203286 0.979064 -19.051826 0.000000 0.000000 0.000000 1.000000
0.983936 0.177112 0.022390 3.124096 -0.170546 0.969626 -0.175328 140.307022 -0.052762 0.168693 0.984255 -19.178726 0.000000 0.000000 0.000000 1.000000
0.983398 0.168562 0.067201 3.984015 -0.158106 0.977649 -0.138584 144.271866 -0.089059 0.125658 0.988068 -19.134918 0.000000 0.000000 0.000000 1.000000
0.983473 0.150684 0.100378 4.646695 -0.140885 0.985117 -0.098470 147.172043 -0.113722 0.082700 0.990065 -18.444818 0.000000 0.000000 0.000000 1.000000
0.983760 0.131207 0.122481 5.129827 -0.124264 0.990264 -0.062734 147.996979 -0.129520 0.046495 0.990486 -17.038887 0.000000 0.000000 0.000000 1.000000
0.983820 0.113205 0.138862 5.459438 -0.109342 0.993382 -0.035161 146.711151 -0.141923 0.019409 0.989687 -15.081241 0.000000 0.000000 0.000000 1.000000
0.983823 0.096462 0.150955 5.597478 -0.095130 0.995336 -0.016036 144.185608 -0.151798 0.001416 0.988411 -13.216393 0.000000 0.000000 0.000000 1.000000
0.984630 0.078650 0.155943 5.493388 -0.078916 0.996871 -0.004496 141.091187 -0.155809 -0.007879 0.987756 -11.951209 0.000000 0.000000 0.000000 1.000000
0.986197 0.060558 0.154104 5.356003 -0.061248 0.998123 -0.000274 138.864517 -0.153832 -0.009168 0.988055 -11.725932 0.000000 0.000000 0.000000 1.000000
0.987678 0.044493 0.150039 5.289883 -0.044074 0.999010 -0.006117 138.172134 -0.150163 -0.000571 0.988661 -12.454472 0.000000 0.000000 0.000000 1.000000
0.988478 0.031969 0.147952 5.312582 -0.027962 0.999186 -0.029089 139.204849 -0.148761 0.024617 0.988567 -13.694706 0.000000 0.000000 0.000000 1.000000
0.989018 0.021834 0.146170 5.398272 -0.010909 0.997114 -0.075131 141.047028 -0.147389 0.072711 0.986402 -15.453244 0.000000 0.000000 0.000000 1.000000
0.990000 0.008702 0.140800 5.505227 0.011197 0.990099 -0.139923 142.521927 -0.140624 0.140101 0.980100 -17.379896 0.000000 0.000000 0.000000 1.000000
0.991489 -0.015488 0.129267 5.735249 0.042426 0.977136 -0.208338 142.486832 -0.123085 0.212049 0.969477 -19.032623 0.000000 0.000000 0.000000 1.000000
0.992178 -0.053843 0.112622 6.298746 0.082200 0.960785 -0.264832 140.763428 -0.093947 0.272018 0.957695 -20.099594 0.000000 0.000000 0.000000 1.000000
0.990802 -0.097357 0.093987 7.310522 0.121508 0.945776 -0.301236 138.217499 -0.059563 0.309885 0.948906 -20.717827 0.000000 0.000000 0.000000 1.000000
0.988391 -0.131456 0.076171 8.464761 0.148969 0.937027 -0.315894 136.319290 -0.029848 0.323574 0.945732 -21.215956 0.000000 0.000000 0.000000 1.000000
0.987235 -0.147427 0.060270 9.108612 0.158930 0.936609 -0.312256 136.312805 -0.010415 0.317849 0.948084 -21.916138 0.000000 0.000000 0.000000 1.000000
0.988154 -0.146836 0.044618 9.045361 0.153454 0.941875 -0.298871 138.510056 0.001860 0.302178 0.953250 -22.932777 0.000000 0.000000 0.000000 1.000000
0.990204 -0.136968 0.027125 8.775437 0.139015 0.948888 -0.283348 142.223511 0.013071 0.284343 0.958634 -24.095552 0.000000 0.000000 0.000000 1.000000
0.992627 -0.121049 0.006274 8.682770 0.118364 0.956857 -0.265358 146.178436 0.026118 0.264144 0.964129 -25.088352 0.000000 0.000000 0.000000 1.000000
0.994768 -0.099937 -0.021192 8.670293 0.091937 0.966205 -0.240823 148.517120 0.044543 0.237615 0.970338 -25.201103 0.000000 0.000000 0.000000 1.000000
0.995369 -0.078329 -0.055722 8.595862 0.064924 0.975279 -0.211223 148.338974 0.070889 0.206627 0.975848 -24.388149 0.000000 0.000000 0.000000 1.000000
0.993781 -0.063022 -0.091797 8.517499 0.045241 0.981830 -0.184292 146.335907 0.101743 0.178993 0.978575 -23.095139 0.000000 0.000000 0.000000 1.000000
0.990846 -0.057758 -0.122019 8.486493 0.036978 0.985404 -0.166167 143.320496 0.129835 0.160134 0.978519 -21.775393 0.000000 0.000000 0.000000 1.000000
0.988186 -0.058347 -0.141715 8.500441 0.035749 0.986941 -0.157063 140.251984 0.149028 0.150141 0.977368 -20.729902 0.000000 0.000000 0.000000 1.000000
0.986944 -0.058298 -0.150145 8.460672 0.034813 0.987373 -0.154538 137.950348 0.157259 0.147294 0.976511 -20.202673 0.000000 0.000000 0.000000 1.000000
0.987502 -0.053143 -0.148376 8.344765 0.029540 0.987162 -0.156966 136.952469 0.154813 0.150621 0.976395 -20.321251 0.000000 0.000000 0.000000 1.000000
0.989570 -0.041464 -0.137957 8.226887 0.018382 0.986196 -0.164557 137.304214 0.142876 0.160305 0.976672 -21.038544 0.000000 0.000000 0.000000 1.000000
0.992258 -0.023677 -0.121919 8.167760 0.001416 0.983753 -0.179524 138.669952 0.124188 0.177961 0.976170 -21.974485 0.000000 0.000000 0.000000 1.000000
0.994402 -0.002569 -0.105632 8.095304 -0.019067 0.978932 -0.203292 140.524399 0.103929 0.204168 0.973403 -22.753386 0.000000 0.000000 0.000000 1.000000
0.995619 0.020283 -0.091276 7.937981 -0.041083 0.971807 -0.232170 142.266953 0.083993 0.234903 0.968383 -23.076809 0.000000 0.000000 0.000000 1.000000
0.996159 0.043875 -0.075772 7.530427 -0.062138 0.963941 -0.258759 142.657166 0.061687 0.262474 0.962965 -23.153847 0.000000 0.000000 0.000000 1.000000
0.996166 0.067185 -0.056034 7.036377 -0.080207 0.957144 -0.278285 141.983719 0.034936 0.281712 0.958863 -22.764984 0.000000 0.000000 0.000000 1.000000
0.995510 0.089114 -0.031927 6.508397 -0.094557 0.951967 -0.291235 141.109360 0.004441 0.292947 0.956118 -22.172394 0.000000 0.000000 0.000000 1.000000
0.994356 0.105969 -0.005232 5.984753 -0.102628 0.948158 -0.300772 141.138672 -0.026911 0.299612 0.953682 -21.738573 0.000000 0.000000 0.000000 1.000000
0.993005 0.115360 0.025162 5.463842 -0.101895 0.944933 -0.310997 142.751480 -0.059653 0.306258 0.950078 -21.756548 0.000000 0.000000 0.000000 1.000000
0.991165 0.118039 0.060488 4.931515 -0.092313 0.941398 -0.324419 146.123764 -0.095238 0.315969 0.943977 -22.466614 0.000000 0.000000 0.000000 1.000000
0.988727 0.112396 0.098921 4.312840 -0.073012 0.938729 -0.336834 150.273315 -0.130719 0.325815 0.936353 -23.620703 0.000000 0.000000 0.000000 1.000000
0.985740 0.095761 0.138372 3.474195 -0.043863 0.940083 -0.338113 153.938431 -0.162459 0.327222 0.930877 -24.378059 0.000000 0.000000 0.000000 1.000000
0.981570 0.072677 0.176742 2.504473 -0.012225 0.946847 -0.321452 156.129959 -0.190709 0.313367 0.930285 -24.239647 0.000000 0.000000 0.000000 1.000000
0.975199 0.047773 0.216112 1.421885 0.017243 0.957061 -0.289373 155.939056 -0.220656 0.285922 0.932502 -23.018253 0.000000 0.000000 0.000000 1.000000
0.966590 0.024794 0.255126 0.242527 0.040858 0.967682 -0.248840 153.551941 -0.253051 0.250950 0.934339 -21.379137 0.000000 0.000000 0.000000 1.000000
0.958244 0.010245 0.285768 -0.815300 0.051097 0.977139 -0.206369 150.600540 -0.281349 0.212354 0.935814 -20.337563 0.000000 0.000000 0.000000 1.000000
0.953824 0.005993 0.300305 -1.734755 0.046960 0.984531 -0.168803 147.978912 -0.296671 0.175111 0.938788 -20.059345 0.000000 0.000000 0.000000 1.000000
0.956054 0.007093 0.293105 -2.620183 0.036503 0.989049 -0.143001 145.727219 -0.290910 0.147416 0.945325 -20.460865 0.000000 0.000000 0.000000 1.000000
0.965132 0.004849 0.261719 -3.506290 0.031039 0.990654 -0.132818 144.019638 -0.259917 0.136310 0.955962 -21.690262 0.000000 0.000000 0.000000 1.000000
0.977533 -0.009306 0.210577 -4.488169 0.039656 0.989305 -0.140367 142.811844 -0.207018 0.145564 0.967447 -23.505302 0.000000 0.000000 0.000000 1.000000
0.987485 -0.035028 0.153771 -5.584887 0.061038 0.983923 -0.167840 142.441254 -0.145419 0.175125 0.973748 -25.285248 0.000000 0.000000 0.000000 1.000000
0.992231 -0.063043 0.107252 -6.677019 0.084839 0.973431 -0.212686 143.083374 -0.090994 0.220133 0.971217 -26.665991 0.000000 0.000000 0.000000 1.000000
0.993429 -0.086984 0.074375 -7.571867 0.103827 0.958373 -0.265971 144.392822 -0.048143 0.271945 0.961108 -27.735172 0.000000 0.000000 0.000000 1.000000
0.993498 -0.103471 0.047483 -8.133738 0.113232 0.941362 -0.317829 145.492584 -0.011813 0.321140 0.946958 -28.634077 0.000000 0.000000 0.000000 1.000000
0.992998 -0.116660 0.018591 -8.413523 0.115535 0.926263 -0.358731 146.077332 0.024630 0.358367 0.933256 -29.233707 0.000000 0.000000 0.000000 1.000000
0.991738 -0.127429 -0.014726 -8.231455 0.112490 0.919108 -0.377607 146.920242 0.061653 0.372831 0.925849 -29.670021 0.000000 0.000000 0.000000 1.000000
0.989278 -0.136444 -0.052071 -7.653997 0.108054 0.923706 -0.367548 148.381363 0.098248 0.357981 0.928546 -29.990625 0.000000 0.000000 0.000000 1.000000
0.985263 -0.140038 -0.098217 -6.770263 0.100045 0.937550 -0.333154 150.636124 0.138738 0.318418 0.937743 -30.155724 0.000000 0.000000 0.000000 1.000000
0.978320 -0.132195 -0.159422 -5.761144 0.082523 0.954858 -0.285370 153.293777 0.189950 0.266027 0.945065 -29.911924 0.000000 0.000000 0.000000 1.000000
0.965690 -0.109165 -0.235640 -4.832706 0.053306 0.971362 -0.231550 155.809067 0.254169 0.211044 0.943853 -28.986868 0.000000 0.000000 0.000000 1.000000
0.944762 -0.075648 -0.318908 -4.134837 0.018850 0.983930 -0.177555 157.310852 0.327215 0.161736 0.931006 -27.474815 0.000000 0.000000 0.000000 1.000000
0.916740 -0.042731 -0.397193 -3.553768 -0.011774 0.990941 -0.133782 156.245178 0.399311 0.127320 0.907932 -25.760180 0.000000 0.000000 0.000000 1.000000
0.888027 -0.019909 -0.459359 -2.958530 -0.033620 0.993576 -0.108056 151.957764 0.458560 0.111401 0.881653 -24.262293 0.000000 0.000000 0.000000 1.000000
0.866854 -0.008984 -0.498481 -2.385066 -0.045027 0.994341 -0.096223 145.895416 0.496524 0.105856 0.861544 -23.307846 0.000000 0.000000 0.000000 1.000000
0.858949 -0.004320 -0.512043 -1.876446 -0.047004 0.995077 -0.087244 141.244949 0.509899 0.099006 0.854518 -22.865463 0.000000 0.000000 0.000000 1.000000
0.866052 0.002039 -0.499950 -1.443214 -0.045691 0.996130 -0.075087 140.082199 0.497862 0.087872 0.862793 -23.010216 0.000000 0.000000 0.000000 1.000000
0.886304 0.015054 -0.462860 -0.967267 -0.049978 0.996744 -0.063282 141.630829 0.460400 0.079220 0.884170 -23.751507 0.000000 0.000000 0.000000 1.000000
0.913592 0.032536 -0.405329 -0.525769 -0.062491 0.996187 -0.060886 143.708786 0.401803 0.080954 0.912141 -25.199869 0.000000 0.000000 0.000000 1.000000
0.939656 0.049439 -0.338530 -0.231288 -0.079225 0.994051 -0.074734 145.301315 0.332821 0.097044 0.937983 -27.034424 0.000000 0.000000 0.000000 1.000000
0.959407 0.063038 -0.274890 -0.113655 -0.094630 0.990148 -0.103210 146.319275 0.265676 0.125033 0.955920 -28.736664 0.000000 0.000000 0.000000 1.000000
0.973137 0.074389 -0.217878 -0.163080 -0.106123 0.984762 -0.137773 146.153549 0.204309 0.157194 0.966203 -30.226742 0.000000 0.000000 0.000000 1.000000
0.982861 0.087007 -0.162521 -0.448551 -0.114831 0.978639 -0.170525 144.757019 0.144213 0.186265 0.971858 -31.483448 0.000000 0.000000 0.000000 1.000000
0.988905 0.103889 -0.106182 -0.826592 -0.123430 0.972363 -0.198179 143.040176 0.082659 0.209086 0.974398 -32.418159 0.000000 0.000000 0.000000 1.000000
0.991899 0.116737 -0.050095 -1.383084 -0.124969 0.967491 -0.219872 141.548904 0.022799 0.224351 0.974242 -33.111774 0.000000 0.000000 0.000000 1.000000
0.992151 0.124983 0.003959 -2.109701 -0.120533 0.964301 -0.235788 141.698853 -0.033287 0.233460 0.971796 -33.789673 0.000000 0.000000 0.000000 1.000000
0.989876 0.127961 0.061409 -2.915562 -0.108877 0.962144 -0.249850 143.683258 -0.091055 0.240634 0.966335 -34.684483 0.000000 0.000000 0.000000 1.000000
0.984093 0.124593 0.126636 -3.660975 -0.087444 0.960222 -0.265194 146.545410 -0.154640 0.249902 0.955843 -35.733772 0.000000 0.000000 0.000000 1.000000
0.973932 0.112333 0.197074 -4.398453 -0.054470 0.959169 -0.277539 149.092499 -0.220204 0.259570 0.940284 -36.323738 0.000000 0.000000 0.000000 1.000000
0.959385 0.095768 0.265345 -5.161290 -0.018378 0.959832 -0.279974 150.459656 -0.281499 0.263726 0.922609 -36.161385 0.000000 0.000000 0.000000 1.000000
0.940195 0.082463 0.330503 -5.856608 0.011685 0.961877 -0.273234 149.997696 -0.340435 0.260756 0.903388 -35.405003 0.000000 0.000000 0.000000 1.000000
0.916654 0.075959 0.392398 -6.411076 0.033003 0.964037 -0.263712 147.495300 -0.398318 0.254683 0.881181 -34.339142 0.000000 0.000000 0.000000 1.000000
0.893684 0.075415 0.442313 -6.703648 0.044657 0.965930 -0.254921 144.084366 -0.446468 0.247571 0.859869 -33.579685 0.000000 0.000000 0.000000 1.000000
0.880149 0.076027 0.468570 -6.989735 0.047607 0.967978 -0.246480 140.385895 -0.472305 0.239246 0.848345 -33.052654 0.000000 0.000000 0.000000 1.000000
0.881217 0.077124 0.466377 -7.451971 0.041357 0.970239 -0.238590 137.029419 -0.470899 0.229538 0.851802 -32.886833 0.000000 0.000000 0.000000 1.000000
0.894223 0.079090 0.440580 -8.095910 0.028098 0.972407 -0.231591 134.317795 -0.446740 0.219473 0.867326 -33.306015 0.000000 0.000000 0.000000 1.000000
0.913297 0.079587 0.399442 -8.681154 0.013325 0.974359 -0.224605 132.786270 -0.407076 0.210454 0.888819 -34.456226 0.000000 0.000000 0.000000 1.000000
0.934392 0.073245 0.348636 -9.009191 0.005655 0.975463 -0.220090 132.530945 -0.356202 0.207622 0.911051 -36.046776 0.000000 0.000000 0.000000 1.000000
0.954532 0.058279 0.292357 -8.878742 0.009637 0.974160 -0.225654 133.671738 -0.297954 0.218211 0.929305 -37.877964 0.000000 0.000000 0.000000 1.000000
0.971257 0.035233 0.235410 -8.233590 0.024418 0.969019 -0.245775 135.400864 -0.236776 0.244459 0.940307 -40.184666 0.000000 0.000000 0.000000 1.000000
0.983346 0.005442 0.181660 -7.279679 0.045523 0.960313 -0.275186 137.153458 -0.175948 0.278873 0.944072 -42.595253 0.000000 0.000000 0.000000 1.000000
0.991013 -0.032770 0.129689 -6.375701 0.071358 0.949565 -0.305341 138.154221 -0.113142 0.311852 0.943370 -44.527351 0.000000 0.000000 0.000000 1.000000
0.994102 -0.076427 0.076942 -5.552504 0.097803 0.938349 -0.331564 138.606552 -0.046858 0.337134 0.940290 -45.926365 0.000000 0.000000 0.000000 1.000000
0.992618 -0.118576 0.025487 -4.700888 0.119987 0.929426 -0.348957 138.834122 0.017690 0.349439 0.936792 -47.004780 0.000000 0.000000 0.000000 1.000000
0.988300 -0.151048 -0.021163 -3.699045 0.134174 0.926977 -0.350300 139.487366 0.072530 0.343362 0.936398 -47.926956 0.000000 0.000000 0.000000 1.000000
0.983362 -0.169950 -0.064161 -2.580239 0.139230 0.931976 -0.334717 141.011322 0.116681 0.320214 0.940132 -48.556023 0.000000 0.000000 0.000000 1.000000
0.978860 -0.172078 -0.110555 -1.397698 0.130565 0.941780 -0.309844 143.390808 0.157436 0.288859 0.944338 -48.707115 0.000000 0.000000 0.000000 1.000000
0.973817 -0.154032 -0.167197 -0.183011 0.102829 0.954383 -0.280321 146.020615 0.202748 0.255789 0.945233 -48.180977 0.000000 0.000000 0.000000 1.000000
0.964632 -0.119468 -0.234975 0.842532 0.060494 0.967940 -0.243787 147.662994 0.256566 0.220950 0.940933 -47.013565 0.000000 0.000000 0.000000 1.000000
0.947929 -0.082275 -0.307672 1.585899 0.019272 0.979104 -0.202447 147.825119 0.317899 0.185975 0.929706 -45.413452 0.000000 0.000000 0.000000 1.000000
0.925823 -0.057561 -0.373548 2.245770 -0.006007 0.985969 -0.166819 146.034195 0.377909 0.156689 0.912488 -43.565689 0.000000 0.000000 0.000000 1.000000
0.904663 -0.049809 -0.423206 2.703261 -0.012427 0.989639 -0.143040 143.252686 0.425946 0.134662 0.894671 -42.029510 0.000000 0.000000 0.000000 1.000000
0.890408 -0.052970 -0.452070 3.091448 -0.005450 0.991893 -0.126957 140.239700 0.455130 0.115507 0.882901 -40.819344 0.000000 0.000000 0.000000 1.000000
0.885565 -0.058088 -0.460869 3.601983 0.005940 0.993485 -0.113804 137.911285 0.464477 0.098043 0.880141 -39.644009 0.000000 0.000000 0.000000 1.000000
0.890189 -0.058106 -0.451872 4.384915 0.011943 0.994469 -0.104352 137.116669 0.455436 0.087496 0.885959 -38.201546 0.000000 0.000000 0.000000 1.000000
0.902969 -0.048849 -0.426921 5.310201 0.006171 0.994889 -0.100785 138.018143 0.429662 0.088371 0.898655 -36.880531 0.000000 0.000000 0.000000 1.000000
0.920730 -0.029806 -0.389061 6.186069 -0.012239 0.994382 -0.105144 140.295273 0.390009 0.101571 0.915192 -36.094349 0.000000 0.000000 0.000000 1.000000
0.938999 -0.008046 -0.343825 6.746901 -0.036145 0.991881 -0.121925 143.061020 0.342014 0.126915 0.931085 -36.243999 0.000000 0.000000 0.000000 1.000000
0.955076 0.006583 -0.296289 6.915809 -0.054360 0.986682 -0.153306 145.356232 0.291334 0.162525 0.942714 -37.115883 0.000000 0.000000 0.000000 1.000000
0.968703 0.013367 -0.247862 7.012142 -0.062426 0.979574 -0.191149 146.525589 0.240245 0.200639 0.949751 -37.949348 0.000000 0.000000 0.000000 1.000000
0.980301 0.019429 -0.196551 7.146747 -0.063662 0.973121 -0.221322 145.484955 0.186968 0.229475 0.955188 -38.462868 0.000000 0.000000 0.000000 1.000000
0.989506 0.031157 -0.141095 7.229116 -0.064179 0.969638 -0.235974 143.378830 0.129459 0.242553 0.961462 -38.393417 0.000000 0.000000 0.000000 1.000000
0.995480 0.046370 -0.082879 7.043257 -0.064798 0.969636 -0.235813 141.361282 0.069428 0.240118 0.968258 -38.005817 0.000000 0.000000 0.000000 1.000000
0.997833 0.059879 -0.027257 6.520350 -0.064472 0.972502 -0.223794 140.696472 0.013106 0.225066 0.974255 -37.846649 0.000000 0.000000 0.000000 1.000000
0.997294 0.069956 0.022600 5.817069 -0.063824 0.976448 -0.206095 142.042633 -0.036485 0.204095 0.978271 -38.218727 0.000000 0.000000 0.000000 1.000000
0.994554 0.081545 0.064903 5.145010 -0.067590 0.978690 -0.193900 145.266815 -0.079331 0.188457 0.978872 -39.081123 0.000000 0.000000 0.000000 1.000000
0.990555 0.092952 0.100801 4.647704 -0.072103 0.978411 -0.193685 149.387024 -0.116629 0.184587 0.975872 -40.117321 0.000000 0.000000 0.000000 1.000000
0.985943 0.097561 0.135642 4.212041 -0.069346 0.977535 -0.199040 153.324554 -0.152013 0.186836 0.970559 -40.746868 0.000000 0.000000 0.000000 1.000000
0.979537 0.096181 0.176792 3.660454 -0.059959 0.977990 -0.199851 155.893082 -0.192123 0.185161 0.963745 -40.596252 0.000000 0.000000 0.000000 1.000000
0.968318 0.092418 0.231991 2.839550 -0.046713 0.979635 -0.195277 156.186646 -0.245314 0.178253 0.952915 -39.647831 0.000000 0.000000 0.000000 1.000000
0.950726 0.088047 0.297266 1.666131 -0.031314 0.981194 -0.190470 154.015137 -0.308446 0.171776 0.935604 -38.182827 0.000000 0.000000 0.000000 1.000000
0.930321 0.084307 0.356924 0.453847 -0.017919 0.982506 -0.185368 150.546326 -0.366308 0.166056 0.915557 -37.004646 0.000000 0.000000 0.000000 1.000000
0.914456 0.079479 0.396804 -0.517743 -0.009749 0.984567 -0.174739 146.671021 -0.404568 0.155922 0.901118 -36.440090 0.000000 0.000000 0.000000 1.000000
0.908570 0.073024 0.411301 -1.244799 -0.008061 0.987484 -0.157516 142.858322 -0.417655 0.139799 0.897786 -36.436199 0.000000 0.000000 0.000000 1.000000
0.913601 0.065366 0.401324 -1.748626 -0.009859 0.990265 -0.138845 139.713486 -0.406493 0.122892 0.905351 -36.848835 0.000000 0.000000 0.000000 1.000000
0.927283 0.055041 0.370292 -1.997088 -0.009058 0.992142 -0.124791 137.740250 -0.374251 0.112363 0.920495 -37.564323 0.000000 0.000000 0.000000 1.000000
0.945333 0.042718 0.323296 -1.978177 -0.003762 0.992745 -0.120177 136.902985 -0.326084 0.112391 0.938636 -38.608944 0.000000 0.000000 0.000000 1.000000
0.962960 0.033822 0.267513 -1.715509 0.000864 0.991710 -0.128494 136.898590 -0.269641 0.123966 0.954948 -39.787506 0.000000 0.000000 0.000000 1.000000
0.977519 0.030394 0.208644 -1.228804 0.000978 0.988891 -0.148639 137.289642 -0.210844 0.145502 0.966630 -40.660305 0.000000 0.000000 0.000000 1.000000
0.988811 0.024990 0.147066 -0.518634 0.000884 0.984869 -0.173298 137.169830 -0.149171 0.171489 0.973827 -41.153507 0.000000 0.000000 0.000000 1.000000
0.996557 0.005386 0.082732 0.059571 0.010808 0.980932 -0.194053 136.195984 -0.082199 0.194279 0.977496 -40.881039 0.000000 0.000000 0.000000 1.000000
0.999462 -0.026811 0.018875 0.604849 0.030147 0.977786 -0.207428 135.456604 -0.012894 0.207886 0.978068 -40.431599 0.000000 0.000000 0.000000 1.000000
0.997390 -0.062726 -0.035749 1.298506 0.053626 0.975164 -0.214893 135.622803 0.048340 0.212415 0.975983 -40.353661 0.000000 0.000000 0.000000 1.000000
0.993092 -0.087328 -0.078374 2.373014 0.068144 0.972967 -0.220663 137.545197 0.095525 0.213798 0.972196 -40.973206 0.000000 0.000000 0.000000 1.000000
0.988590 -0.096464 -0.115695 3.787711 0.067893 0.970955 -0.229429 141.133575 0.134467 0.218957 0.966425 -41.923290 0.000000 0.000000 0.000000 1.000000
0.983096 -0.095396 -0.156272 5.234330 0.055859 0.969118 -0.240187 145.319061 0.174359 0.227398 0.958065 -42.673370 0.000000 0.000000 0.000000 1.000000
0.974399 -0.084946 -0.208161 6.518771 0.032094 0.968947 -0.245177 149.549164 0.222523 0.232220 0.946867 -43.274689 0.000000 0.000000 0.000000 1.000000
0.959242 -0.073757 -0.272789 7.243851 0.006978 0.971225 -0.238063 151.523300 0.282498 0.226457 0.932155 -43.461937 0.000000 0.000000 0.000000 1.000000
0.934764 -0.061476 -0.349911 7.400635 -0.018204 0.975333 -0.219987 150.659500 0.354803 0.212006 0.910587 -43.246895 0.000000 0.000000 0.000000 1.000000
0.901587 -0.047545 -0.429976 7.404366 -0.041861 0.979689 -0.196104 148.224686 0.430567 0.194804 0.881285 -42.439812 0.000000 0.000000 0.000000 1.000000
0.867387 -0.038345 -0.496155 7.511707 -0.054481 0.983717 -0.171271 145.044006 0.494644 0.175589 0.851173 -41.145569 0.000000 0.000000 0.000000 1.000000
0.842164 -0.037325 -0.537928 7.926599 -0.051162 0.987570 -0.148622 142.241684 0.536789 0.152686 0.829786 -39.690948 0.000000 0.000000 0.000000 1.000000
0.829954 -0.043186 -0.556158 8.625849 -0.034747 0.991060 -0.128810 140.320480 0.556749 0.126231 0.821034 -38.507885 0.000000 0.000000 0.000000 1.000000
0.829630 -0.049201 -0.556141 9.452030 -0.015234 0.993744 -0.110640 139.539429 0.558105 0.100262 0.823690 -37.409653 0.000000 0.000000 0.000000 1.000000
0.838495 -0.048813 -0.542719 10.269663 -0.002140 0.995677 -0.092860 139.663437 0.544905 0.079025 0.834765 -36.523552 0.000000 0.000000 0.000000 1.000000
0.852931 -0.040415 -0.520458 10.899047 0.000911 0.997112 -0.075935 139.878525 0.522024 0.064293 0.850504 -36.161797 0.000000 0.000000 0.000000 1.000000
0.869414 -0.026810 -0.493357 11.268176 -0.004589 0.998045 -0.062323 139.733307 0.494064 0.056449 0.867591 -36.237247 0.000000 0.000000 0.000000 1.000000
0.886505 -0.014246 -0.462500 11.400987 -0.012263 0.998452 -0.054260 139.030777 0.462556 0.053773 0.884958 -36.607815 0.000000 0.000000 0.000000 1.000000
0.904556 -0.008005 -0.426280 11.348499 -0.015187 0.998584 -0.050979 137.638367 0.426085 0.052587 0.903154 -37.256611 0.000000 0.000000 0.000000 1.000000
0.923073 -0.006465 -0.384569 11.220823 -0.013285 0.998726 -0.048678 136.167526 0.384394 0.050042 0.921812 -37.617577 0.000000 0.000000 0.000000 1.000000
0.939854 -0.006423 -0.341516 11.039420 -0.009275 0.998975 -0.044313 135.032349 0.341450 0.044815 0.938831 -37.496902 0.000000 0.000000 0.000000 1.000000
0.953965 -0.004144 -0.299891 10.803079 -0.008030 0.999193 -0.039350 134.420151 0.299812 0.039947 0.953162 -37.116043 0.000000 0.000000 0.000000 1.000000
0.965542 0.003232 -0.260226 10.529490 -0.013796 0.999153 -0.038780 134.784302 0.259880 0.041034 0.964769 -36.405937 0.000000 0.000000 0.000000 1.000000
0.974912 0.020857 -0.221611 10.147055 -0.031982 0.998395 -0.046732 136.331589 0.220281 0.052647 0.974015 -35.351891 0.000000 0.000000 0.000000 1.000000
0.981213 0.050134 -0.186302 9.653752 -0.062820 0.996046 -0.062824 138.662155 0.182416 0.073347 0.980482 -34.142036 0.000000 0.000000 0.000000 1.000000
0.984189 0.084631 -0.155597 9.021889 -0.098232 0.991788 -0.081898 141.147476 0.147388 0.095887 0.984420 -32.822155 0.000000 0.000000 0.000000 1.000000
0.986016 0.109157 -0.125922 8.036967 -0.121837 0.987719 -0.097806 143.070541 0.113699 0.111781 0.987207 -31.355892 0.000000 0.000000 0.000000 1.000000
0.989498 0.111984 -0.091394 6.392071 -0.121592 0.986754 -0.107389 144.234711 0.078158 0.117374 0.990007 -29.590231 0.000000 0.000000 0.000000 1.000000
0.994271 0.093853 -0.051146 4.261708 -0.099008 0.989002 -0.109879 144.831894 0.040271 0.114313 0.992628 -27.462790 0.000000 0.000000 0.000000 1.000000
0.997946 0.063146 -0.010809 2.050617 -0.063935 0.992356 -0.105558 144.721481 0.004061 0.106033 0.994354 -25.112329 0.000000 0.000000 0.000000 1.000000
0.999274 0.031776 0.021023 -0.045478 -0.029608 0.994900 -0.096423 143.880722 -0.023980 0.095731 0.995118 -22.699921 0.000000 0.000000 0.000000 1.000000
0.999285 0.006367 0.037260 -1.826117 -0.003143 0.996293 -0.085970 142.975296 -0.037670 0.085791 0.995601 -20.351305 0.000000 0.000000 0.000000 1.000000
0.999252 -0.013724 0.036141 -3.408857 0.016498 0.996847 -0.077608 142.451569 -0.034962 0.078146 0.996329 -18.066715 0.000000 0.000000 0.000000 1.000000
0.999286 -0.031132 0.021411 -5.075747 0.032625 0.996775 -0.073309 142.212708 -0.019060 0.073955 0.997079 -15.813977 0.000000 0.000000 0.000000 1.000000
0.998996 -0.044798 0.000532 -6.832036 0.044718 0.996353 -0.072673 142.180542 0.002725 0.072623 0.997356 -13.625173 0.000000 0.000000 0.000000 1.000000
0.998413 -0.053286 -0.018228 -8.629253 0.051819 0.995970 -0.073199 142.175842 0.022055 0.072138 0.997151 -11.583263 0.000000 0.000000 0.000000 1.000000
0.997957 -0.056928 -0.028991 -10.453775 0.054705 0.995872 -0.072428 142.059601 0.032994 0.070694 0.996952 -9.746563 0.000000 0.000000 0.000000 1.000000
0.997904 -0.057398 -0.029882 -12.306176 0.055196 0.996023 -0.069934 141.761444 0.033777 0.068138 0.997104 -8.133172 0.000000 0.000000 0.000000 1.000000
0.998146 -0.056534 -0.022551 -14.136009 0.054903 0.996219 -0.067333 141.303513 0.026273 0.065970 0.997476 -6.736544 0.000000 0.000000 0.000000 1.000000
0.998374 -0.055997 -0.010696 -15.858010 0.055162 0.996245 -0.066723 140.774155 0.014392 0.066025 0.997714 -5.539068 0.000000 0.000000 0.000000 1.000000
0.998371 -0.057036 0.001421 -17.405939 0.056998 0.995982 -0.069070 140.277039 0.002524 0.069038 0.997611 -4.506959 0.000000 0.000000 0.000000 1.000000
0.998139 -0.060116 0.010187 -18.742926 0.060705 0.995430 -0.073712 139.896545 -0.005709 0.074193 0.997228 -3.582179 0.000000 0.000000 0.000000 1.000000
0.997799 -0.064912 0.013562 -19.816412 0.065785 0.994698 -0.079044 139.664322 -0.008360 0.079762 0.996779 -2.706567 0.000000 0.000000 0.000000 1.000000
0.997447 -0.070488 0.011476 -20.552837 0.071202 0.993954 -0.083582 139.612503 -0.005515 0.084186 0.996435 -1.868271 0.000000 0.000000 0.000000 1.000000
0.997132 -0.075490 0.005342 -20.890484 0.075669 0.993363 -0.086621 139.750839 0.001232 0.086777 0.996227 -1.112495 0.000000 0.000000 0.000000 1.000000
0.996902 -0.078589 -0.003167 -20.843544 0.078005 0.993051 -0.088117 140.029221 0.010070 0.087597 0.996105 -0.489450 0.000000 0.000000 0.000000 1.000000
0.996791 -0.078980 -0.012996 -20.521631 0.077538 0.993089 -0.088101 140.351898 0.019864 0.086811 0.996027 -0.003166 0.000000 0.000000 0.000000 1.000000
0.996781 -0.076658 -0.023472 -20.056971 0.074369 0.993477 -0.086440 140.628067 0.029945 0.084416 0.995981 0.373854 0.000000 0.000000 0.000000 1.000000
0.996792 -0.072515 -0.033880 -19.521469 0.069493 0.994108 -0.083185 140.828598 0.039712 0.080563 0.995958 0.654419 0.000000 0.000000 0.000000 1.000000
0.996715 -0.068110 -0.043813 -18.916876 0.064518 0.994805 -0.078737 140.979202 0.048948 0.075652 0.995932 0.824238 0.000000 0.000000 0.000000 1.000000
0.996448 -0.064874 -0.053685 -18.223515 0.060851 0.995440 -0.073454 141.107162 0.058206 0.069926 0.995853 0.865547 0.000000 0.000000 0.000000 1.000000
0.995900 -0.063521 -0.064414 -17.432533 0.059157 0.995962 -0.067525 141.210617 0.068443 0.063437 0.995636 0.776722 0.000000 0.000000 0.000000 1.000000
0.994987 -0.064441 -0.076479 -16.541479 0.059817 0.996327 -0.061281 141.250793 0.080147 0.056399 0.995186 0.563584 0.000000 0.000000 0.000000 1.000000
0.993670 -0.068086 -0.089352 -15.569221 0.063331 0.996475 -0.055010 141.158707 0.092783 0.049003 0.994480 0.227967 0.000000 0.000000 0.000000 1.000000
0.992024 -0.074387 -0.101756 -14.544508 0.069755 0.996392 -0.048351 140.872452 0.104986 0.040868 0.993634 -0.214598 0.000000 0.000000 0.000000 1.000000
0.990270 -0.082011 -0.112422 -13.544432 0.077904 0.996140 -0.040452 140.456650 0.115305 0.031300 0.992837 -0.707205 0.000000 0.000000 0.000000 1.000000
0.988744 -0.088581 -0.120578 -12.637904 0.085449 0.995863 -0.030916 140.014542 0.122818 0.020265 0.992222 -1.166949 0.000000 0.000000 0.000000 1.000000
0.987794 -0.091718 -0.125896 -11.866877 0.089848 0.995745 -0.020464 139.655518 0.127238 0.008903 0.991832 -1.516148 0.000000 0.000000 0.000000 1.000000
0.987651 -0.090111 -0.128161 -11.243452 0.089474 0.995931 -0.010733 139.461472 0.128607 -0.000867 0.991695 -1.709234 0.000000 0.000000 0.000000 1.000000
0.988306 -0.084111 -0.127188 -10.753775 0.084352 0.996430 -0.003503 139.452484 0.127028 -0.007267 0.991873 -1.744434 0.000000 0.000000 0.000000 1.000000
0.989507 -0.075548 -0.123161 -10.361525 0.076152 0.997096 0.000200 139.585953 0.122788 -0.009577 0.992387 -1.659454 0.000000 0.000000 0.000000 1.000000
0.990855 -0.067035 -0.117098 -10.024405 0.067574 0.997714 0.000629 139.766937 0.116788 -0.008536 0.993120 -1.518274 0.000000 0.000000 0.000000 1.000000
0.991950 -0.060998 -0.110967 -9.706280 0.061273 0.998121 -0.000931 139.895340 0.110816 -0.005875 0.993824 -1.384633 0.000000 0.000000 0.000000 1.000000
0.992495 -0.058799 -0.107221 -9.378622 0.058817 0.998264 -0.002997 139.930099 0.107211 -0.003332 0.994231 -1.291834 0.000000 0.000000 0.000000 1.000000
0.992336 -0.060328 -0.107843 -9.025805 0.060181 0.998177 -0.004619 139.901016 0.107925 -0.001906 0.994157 -1.233898 0.000000 0.000000 0.000000 1.000000
0.991482 -0.064159 -0.113343 -8.651353 0.063934 0.997938 -0.005625 139.867355 0.113470 -0.001669 0.993540 -1.186696 0.000000 0.000000 0.000000 1.000000
0.990140 -0.068264 -0.122322 -8.278920 0.067985 0.997665 -0.006458 139.864441 0.122477 -0.001922 0.992470 -1.136520 0.000000 0.000000 0.000000 1.000000
0.988704 -0.070970 -0.132013 -7.936139 0.070550 0.997477 -0.007866 139.899048 0.132238 -0.001536 0.991217 -1.084015 0.000000 0.000000 0.000000 1.000000
0.987614 -0.071721 -0.139554 -7.639542 0.070939 0.997425 -0.010571 139.964096 0.139952 0.000541 0.990158 -1.035068 0.000000 0.000000 0.000000 1.000000
0.987134 -0.071143 -0.143199 -7.388340 0.069724 0.997455 -0.014906 140.043060 0.143895 0.004730 0.989582 -0.998565 0.000000 0.000000 0.000000 1.000000
0.987237 -0.070426 -0.142841 -7.165388 0.068181 0.997461 -0.020560 140.111649 0.143926 0.010559 0.989532 -0.987391 0.000000 0.000000 0.000000 1.000000
0.987667 -0.070547 -0.139778 -6.945450 0.067467 0.997365 -0.026662 140.151733 0.141291 0.016903 0.989824 -1.011851 0.000000 0.000000 0.000000 1.000000
0.988097 -0.071883 -0.136001 -6.708663 0.068106 0.997157 -0.032227 140.158981 0.137931 0.022581 0.990184 -1.071196 0.000000 0.000000 0.000000 1.000000
0.988303 -0.074238 -0.133215 -6.448639 0.069945 0.996878 -0.036631 140.141068 0.135519 0.026884 0.990410 -1.152451 0.000000 0.000000 0.000000 1.000000
0.988249 -0.077058 -0.132009 -6.171731 0.072396 0.996583 -0.039766 140.109711 0.134622 0.029742 0.990451 -1.236566 0.000000 0.000000 0.000000 1.000000
0.988076 -0.079707 -0.131726 -5.890428 0.074788 0.996319 -0.041889 140.074356 0.134580 0.031538 0.990401 -1.305591 0.000000 0.000000 0.000000 1.000000
0.987984 -0.081738 -0.131177 -5.617345 0.076643 0.996112 -0.043434 140.040375 0.134217 0.032859 0.990407 -1.347942 0.000000 0.000000 0.000000 1.000000
0.988090 -0.083039 -0.129545 -5.362035 0.077815 0.995957 -0.044892 140.009933 0.132750 0.034277 0.990557 -1.360671 0.000000 0.000000 0.000000 1.000000
0.988386 -0.083780 -0.126786 -5.127921 0.078433 0.995829 -0.046605 139.984100 0.130162 0.036120 0.990835 -1.347853 0.000000 0.000000 0.000000 1.000000
0.988779 -0.084197 -0.123400 -4.909452 0.078722 0.995711 -0.048597 139.963440 0.126962 0.038338 0.991166 -1.316662 0.000000 0.000000 0.000000 1.000000
0.989171 -0.084430 -0.120050 -4.694872 0.078836 0.995602 -0.050617 139.947006 0.123795 0.040605 0.991477 -1.274056 0.000000 0.000000 0.000000 1.000000
0.989485 -0.084561 -0.117344 -4.477181 0.078869 0.995510 -0.052345 139.931412 0.121244 0.042540 0.991711 -1.224708 0.000000 0.000000 0.000000 1.000000
0.989659 -0.084746 -0.115732 -4.264000 0.078980 0.995438 -0.053537 139.912018 0.119741 0.043843 0.991837 -1.169866 0.000000 0.000000 0.000000 1.000000
0.989667 -0.085191 -0.115335 -4.072047 0.079376 0.995375 -0.054116 139.885620 0.119411 0.044402 0.991852 -1.108934 0.000000 0.000000 0.000000 1.000000
0.989515 -0.086053 -0.115992 -3.914844 0.080210 0.995307 -0.054141 139.851654 0.120107 0.044269 0.991773 -1.041475 0.000000 0.000000 0.000000 1.000000</float_array>
        <technique_common>
          <accessor source="#mixamorig_Hips-Matrix-animation-output-transform-array" count="226" stride="16">
            <param type="float4x4"/>
          </accessor>
        </technique_common>
      </source>
      <source id="mixamorig_Hips-Interpolations">
        <Name_array id="mixamorig_Hips-Interpolations-array" count="226">
 LINEAR LINEAR LINEAR LINEAR LINEAR LINEAR LINEAR LINEAR LINEAR LINEAR LINEAR
LINEAR LINEAR LINEAR LINEAR LINEAR LINEAR LINEAR LINEAR LINEAR LINEAR LINEAR LINEAR
LINEAR LINEAR LINEAR LINEAR LINEAR LINEAR LINEAR LINEAR LINEAR LINEAR LINEAR LINEAR
LINEAR LINEAR LINEAR LINEAR LINEAR LINEAR LINEAR LINEAR LINEAR LINEAR LINEAR LINEAR
LINEAR LINEAR LINEAR LINEAR LINEAR LINEAR LINEAR LINEAR LINEAR LINEAR LINEAR LINEAR
LINEAR LINEAR LINEAR LINEAR LINEAR LINEAR LINEAR LINEAR LINEAR LINEAR LINEAR LINEAR
LINEAR LINEAR LINEAR LINEAR LINEAR LINEAR LINEAR LINEAR LINEAR LINEAR LINEAR LINEAR
LINEAR LINEAR LINEAR LINEAR LINEAR LINEAR LINEAR LINEAR LINEAR LINEAR LINEAR LINEAR
LINEAR LINEAR LINEAR LINEAR LINEAR LINEAR LINEAR LINEAR LINEAR LINEAR LINEAR LINEAR
LINEAR LINEAR LINEAR LINEAR LINEAR LINEAR LINEAR LINEAR LINEAR LINEAR LINEAR LINEAR
LINEAR LINEAR LINEAR LINEAR LINEAR LINEAR LINEAR LINEAR LINEAR LINEAR LINEAR LINEAR
LINEAR LINEAR LINEAR LINEAR LINEAR LINEAR LINEAR LINEAR LINEAR LINEAR LINEAR LINEAR
LINEAR LINEAR LINEAR LINEAR LINEAR LINEAR LINEAR LINEAR LINEAR LINEAR LINEAR LINEAR
LINEAR LINEAR LINEAR LINEAR LINEAR LINEAR LINEAR LINEAR LINEAR LINEAR LINEAR LINEAR
LINEAR LINEAR LINEAR LINEAR LINEAR LINEAR LINEAR LINEAR LINEAR LINEAR LINEAR LINEAR
LINEAR LINEAR LINEAR LINEAR LINEAR LINEAR LINEAR LINEAR LINEAR LINEAR LINEAR LINEAR
LINEAR LINEAR LINEAR LINEAR LINEAR LINEAR LINEAR LINEAR LINEAR LINEAR LINEAR LINEAR
LINEAR LINEAR LINEAR LINEAR LINEAR LINEAR LINEAR LINEAR LINEAR LINEAR LINEAR LINEAR
LINEAR LINEAR LINEAR LINEAR LINEAR LINEAR LINEAR LINEAR LINEAR LINEAR LINEAR</Name_array>
        <technique_common>
          <accessor source="#mixamorig_Hips-Interpolations-array" count="226">
            <param type="name"/>
          </accessor>
        </technique_common>
      </source>
      <sampler id="mixamorig_Hips-Matrix-animation-transform">
        <input semantic="INPUT" source="#mixamorig_Hips-Matrix-animation-input"/>
        <input semantic="OUTPUT" source="#mixamorig_Hips-Matrix-animation-output-transform"/>
        <input semantic="INTERPOLATION" source="#mixamorig_Hips-Interpolations"/>
      </sampler>
      <channel source="#mixamorig_Hips-Matrix-animation-transform" target="mixamorig_Hips/matrix"/>
    </animation>
