<?xml version="1.0" encoding="utf-8"?>
<COLLADA xmlns="http://www.collada.org/2005/11/COLLADASchema" version="1.4.1">
  <asset>
    <contributor>
      <author>Mixamo</author>
      <authoring_tool>COLLADA Mixamo exporter</authoring_tool>
      <comments/>
    </contributor>
    <created>2026-03-19T17:35:31Z</created>
    <modified>2026-03-19T17:35:31Z</modified>
    <revision/>
    <title/>
    <unit meter="0.010000"/>
    <up_axis>Y_UP</up_axis>
  </asset>
  <library_animations>
    <animation id="mixamorig_Hips-anim" name="mixamorig_Hips">
      <source id="mixamorig_Hips-Matrix-animation-input">
        <float_array id="mixamorig_Hips-Matrix-animation-input-array" count="72">

0.000000 0.033333 0.066667 0.100000 0.133333 0.166667 0.200000 0.233333 0.266667 0.300000 0.333333 0.366667 0.400000 0.433333 0.466667 0.500000
0.533333 0.566667 0.600000 0.633333 0.666667 0.700000 0.733333 0.766667 0.800000 0.833333 0.866667 0.900000 0.933333 0.966667 1.000000 1.033333
1.066667 1.100000 1.133333 1.166667 1.200000 1.233333 1.266667 1.300000 1.333333 1.366667 1.400000 1.433333 1.466667 1.500000 1.533333 1.566667
1.600000 1.633333 1.666667 1.700000 1.733333 1.766667 1.800000 1.833333 1.866667 1.900000 1.933333 1.966667 2.000000 2.033333 2.066667 2.100000
2.133333 2.166667 2.200000 2.233333 2.266667 2.300000 2.333333 2.366667</float_array>
        <technique_common>
          <accessor source="#mixamorig_Hips-Matrix-animation-input-array" count="72">
            <param name="TIME" type="float"/>
          </accessor>
        </technique_common>
      </source>
      <source id="mixamorig_Hips-Matrix-animation-output-transform">
        <float_array id="mixamorig_Hips-Matrix-animation-output-transform-array" count="1152">

0.730780 0.048866 -0.680862 0.523158 0.005566 0.996975 0.077528 138.582031 0.682590 -0.060446 0.728297 -0.602506 0.000000 0.000000 0.000000 1.000000
0.747902 0.025314 -0.663326 0.250164 0.001022 0.999228 0.039285 137.733765 0.663808 -0.030059 0.747299 -7.807185 0.000000 0.000000 0.000000 1.000000
0.762366 0.000611 -0.647146 0.110615 -0.002437 0.999995 -0.001926 136.618240 0.647141 0.003045 0.762364 -14.433334 0.000000 0.000000 0.000000 1.000000
0.774463 -0.026679 -0.632057 -0.056322 -0.002072 0.998998 -0.044705 135.492676 0.632616 0.035932 0.773631 -20.334711 0.000000 0.000000 0.000000 1.000000
0.788923 -0.055139 -0.612014 -0.509138 0.001771 0.996166 -0.087465 134.710693 0.614490 0.067919 0.785996 -25.349024 0.000000 0.000000 0.000000 1.000000
0.811769 -0.075295 -0.579105 -1.189842 0.002119 0.992026 -0.126012 134.193573 0.583975 0.101066 0.805456 -29.501511 0.000000 0.000000 0.000000 1.000000
0.839190 -0.086227 -0.536959 -1.693706 -0.008123 0.985253 -0.170911 134.001648 0.543777 0.147788 0.826114 -33.168964 0.000000 0.000000 0.000000 1.000000
0.860356 -0.093051 -0.501128 -1.607528 -0.025985 0.973908 -0.225451 134.314941 0.509031 0.206989 0.835490 -36.964115 0.000000 0.000000 0.000000 1.000000
0.874602 -0.093440 -0.475753 -1.026343 -0.051694 0.957688 -0.283127 135.364151 0.482078 0.272217 0.832766 -40.153233 0.000000 0.000000 0.000000 1.000000
0.898608 -0.080193 -0.431361 -0.072937 -0.093506 0.925565 -0.366860 135.732742 0.428672 0.369998 0.824222 -43.394154 0.000000 0.000000 0.000000 1.000000
0.925127 -0.056368 -0.375449 0.584202 -0.137530 0.871995 -0.469798 133.886383 0.353872 0.486259 0.798954 -47.965118 0.000000 0.000000 0.000000 1.000000
0.934752 -0.041072 -0.352918 0.349756 -0.174004 0.813105 -0.555502 131.419937 0.309776 0.580666 0.752905 -51.849422 0.000000 0.000000 0.000000 1.000000
0.930988 -0.031888 -0.363655 0.002759 -0.222289 0.740675 -0.634025 128.842758 0.289568 0.671106 0.682471 -55.186508 0.000000 0.000000 0.000000 1.000000
0.926910 -0.024419 -0.374489 -0.853356 -0.258868 0.680872 -0.685128 125.013016 0.271709 0.731996 0.624785 -58.078789 0.000000 0.000000 0.000000 1.000000
0.927582 -0.007190 -0.373551 -2.109553 -0.278128 0.654305 -0.703228 120.300903 0.249473 0.756197 0.604922 -59.507824 0.000000 0.000000 0.000000 1.000000
0.933237 0.014147 -0.358982 -3.133397 -0.287590 0.628280 -0.722881 115.734215 0.215314 0.777859 0.590403 -59.977524 0.000000 0.000000 0.000000 1.000000
0.944004 0.018451 -0.329418 -4.114710 -0.278402 0.580347 -0.765304 112.462921 0.177056 0.814160 0.552986 -59.068607 0.000000 0.000000 0.000000 1.000000
0.948514 0.010986 -0.316544 -4.775865 -0.277533 0.510424 -0.813905 112.236504 0.152631 0.859852 0.487194 -56.642078 0.000000 0.000000 0.000000 1.000000
0.946926 0.007869 -0.321355 -5.551278 -0.291357 0.443348 -0.847675 114.574722 0.135802 0.896315 0.422111 -51.353195 0.000000 0.000000 0.000000 1.000000
0.948314 0.002155 -0.317327 -6.818388 -0.293473 0.386387 -0.874402 117.745377 0.120727 0.922334 0.367049 -42.331348 0.000000 0.000000 0.000000 1.000000
0.952790 -0.011728 -0.303404 -8.209382 -0.284235 0.316959 -0.904846 119.857330 0.106779 0.948367 0.298662 -29.686504 0.000000 0.000000 0.000000 1.000000
0.957270 -0.004546 -0.289162 -9.644814 -0.279811 0.238113 -0.930058 119.914154 0.073081 0.971227 0.226667 -20.361288 0.000000 0.000000 0.000000 1.000000
0.967513 -0.013490 -0.252461 -11.354077 -0.248681 0.129191 -0.959931 124.419174 0.045565 0.991528 0.121639 -9.004860 0.000000 0.000000 0.000000 1.000000
0.976450 -0.040442 -0.211920 -12.791993 -0.212354 -0.006696 -0.977170 129.548126 0.038100 0.999159 -0.015127 3.081411 0.000000 0.000000 0.000000 1.000000
0.980428 -0.055412 -0.188920 -14.217071 -0.195255 -0.150686 -0.969108 132.414261 0.025232 0.987028 -0.158556 15.339233 0.000000 0.000000 0.000000 1.000000
0.982368 -0.066317 -0.174803 -15.675872 -0.186452 -0.278621 -0.942129 132.048187 0.013775 0.958109 -0.286073 27.566875 0.000000 0.000000 0.000000 1.000000
0.979141 -0.068522 -0.191281 -16.470985 -0.202573 -0.402153 -0.892881 129.460571 -0.015742 0.913005 -0.407645 41.621956 0.000000 0.000000 0.000000 1.000000
0.964528 -0.084759 -0.250005 -16.059765 -0.255499 -0.537896 -0.803361 124.905602 -0.066384 0.838739 -0.540472 55.860596 0.000000 0.000000 0.000000 1.000000
0.934935 -0.142177 -0.325089 -15.128524 -0.335662 -0.651385 -0.680462 119.048195 -0.115012 0.745307 -0.656726 69.748421 0.000000 0.000000 0.000000 1.000000
0.885700 -0.207324 -0.415395 -13.505884 -0.424202 -0.724977 -0.542643 111.923485 -0.188649 0.656830 -0.730059 84.054688 0.000000 0.000000 0.000000 1.000000
0.818870 -0.273665 -0.504539 -11.036939 -0.497282 -0.777229 -0.385519 103.059456 -0.286639 0.566588 -0.772538 98.300079 0.000000 0.000000 0.000000 1.000000
0.743173 -0.344554 -0.573564 -8.623001 -0.535497 -0.820242 -0.201110 92.446495 -0.401168 0.456602 -0.794090 112.406265 0.000000 0.000000 0.000000 1.000000
0.663187 -0.411875 -0.624934 -6.790854 -0.530110 -0.847921 -0.003720 79.782875 -0.528362 0.333751 -0.780669 125.732147 0.000000 0.000000 0.000000 1.000000
0.580192 -0.469186 -0.665764 -5.391107 -0.480171 -0.857291 0.185708 65.033989 -0.657885 0.211935 -0.722683 138.090668 0.000000 0.000000 0.000000 1.000000
0.496442 -0.563809 -0.660050 -4.351991 -0.344922 -0.825882 0.446036 50.866432 -0.796602 0.006235 -0.604472 148.807983 0.000000 0.000000 0.000000 1.000000
0.448720 -0.673190 -0.587763 -2.200034 -0.120283 -0.697204 0.706710 40.077179 -0.885541 -0.246417 -0.393822 157.384277 0.000000 0.000000 0.000000 1.000000
0.447567 -0.759012 -0.472847 -0.548041 0.097573 -0.484157 0.869524 34.371620 -0.888911 -0.435307 -0.142633 163.012360 0.000000 0.000000 0.000000 1.000000
0.471747 -0.762579 -0.442637 1.528888 0.293370 -0.337658 0.894383 34.034615 -0.831498 -0.551779 0.064428 169.081451 0.000000 0.000000 0.000000 1.000000
0.498744 -0.686843 -0.528678 0.489317 0.513145 -0.257585 0.818738 33.434498 -0.698524 -0.679630 0.223981 175.730820 0.000000 0.000000 0.000000 1.000000
0.506644 -0.555688 -0.659183 -5.183080 0.720222 -0.147484 0.677886 34.049828 -0.473912 -0.818205 0.325496 177.346161 0.000000 0.000000 0.000000 1.000000
0.532157 -0.480585 -0.697027 -6.845370 0.810537 0.051320 0.583434 33.876682 -0.244618 -0.875445 0.416842 178.776459 0.000000 0.000000 0.000000 1.000000
0.581169 -0.460307 -0.671089 -5.744918 0.813351 0.301677 0.497445 32.575855 -0.026525 -0.834930 0.549716 179.550476 0.000000 0.000000 0.000000 1.000000
0.572005 -0.461048 -0.678413 -1.571073 0.799611 0.497791 0.335896 34.126045 0.182844 -0.734601 0.653398 178.924683 0.000000 0.000000 0.000000 1.000000
0.522218 -0.489000 -0.698690 2.898144 0.768036 0.625783 0.136075 38.140923 0.370688 -0.607679 0.702365 178.983047 0.000000 0.000000 0.000000 1.000000
0.511033 -0.488820 -0.707036 6.265548 0.681832 0.731396 -0.012846 42.145569 0.523403 -0.475515 0.707061 180.314194 0.000000 0.000000 0.000000 1.000000
0.535990 -0.422793 -0.730726 8.282382 0.553840 0.829362 -0.073619 47.329597 0.637162 -0.365246 0.678690 182.843750 0.000000 0.000000 0.000000 1.000000
0.545308 -0.367247 -0.753505 10.921760 0.454667 0.884780 -0.102188 53.937325 0.704214 -0.286870 0.649452 184.408722 0.000000 0.000000 0.000000 1.000000
0.531276 -0.349683 -0.771665 13.760592 0.394562 0.908159 -0.139888 60.924961 0.749711 -0.230150 0.620455 184.142242 0.000000 0.000000 0.000000 1.000000
0.545760 -0.317821 -0.775330 15.119368 0.335334 0.930795 -0.145505 67.987656 0.767917 -0.180583 0.614567 183.811462 0.000000 0.000000 0.000000 1.000000
0.583133 -0.285873 -0.760416 15.542112 0.285710 0.948408 -0.137448 73.789330 0.760478 -0.137108 0.634725 182.444611 0.000000 0.000000 0.000000 1.000000
0.608092 -0.270351 -0.746414 15.217107 0.244777 0.958268 -0.147668 79.474655 0.755187 -0.092910 0.648891 178.618790 0.000000 0.000000 0.000000 1.000000
0.612798 -0.253370 -0.748520 14.304484 0.204574 0.965780 -0.159431 86.553093 0.763301 -0.055429 0.643661 173.438995 0.000000 0.000000 0.000000 1.000000
0.603020 -0.227228 -0.764679 13.282293 0.167985 0.973250 -0.156734 94.836319 0.779838 -0.033941 0.625060 167.853500 0.000000 0.000000 0.000000 1.000000
0.596875 -0.189908 -0.779535 11.898197 0.125273 0.981727 -0.143246 104.070236 0.792494 -0.012155 0.609758 162.391602 0.000000 0.000000 0.000000 1.000000
0.597238 -0.150668 -0.787785 10.476288 0.080858 0.988504 -0.127757 112.858353 0.797978 0.012603 0.602555 156.803421 0.000000 0.000000 0.000000 1.000000
0.587590 -0.125308 -0.799397 9.663240 0.047988 0.991594 -0.120163 119.895103 0.807734 0.032245 0.588664 150.251694 0.000000 0.000000 0.000000 1.000000
0.573225 -0.104918 -0.812653 9.115170 0.020511 0.993295 -0.113772 125.950737 0.819141 0.048549 0.571534 142.794968 0.000000 0.000000 0.000000 1.000000
0.563748 -0.082918 -0.821774 8.542528 -0.002783 0.994752 -0.102281 131.223419 0.825942 0.059948 0.560558 134.654221 0.000000 0.000000 0.000000 1.000000
0.558969 -0.066789 -0.826494 7.766584 -0.016072 0.995691 -0.091331 135.534149 0.829033 0.064334 0.555487 125.957413 0.000000 0.000000 0.000000 1.000000
0.559670 -0.053667 -0.826976 6.648205 -0.018416 0.996849 -0.077155 138.480194 0.828511 0.058411 0.556918 116.624336 0.000000 0.000000 0.000000 1.000000
0.571622 -0.036699 -0.819696 5.112539 -0.014430 0.998395 -0.054762 139.917740 0.820390 0.043131 0.570175 106.486046 0.000000 0.000000 0.000000 1.000000
0.599364 -0.016251 -0.800312 3.505783 -0.014454 0.999411 -0.031118 140.480072 0.800346 0.030219 0.598776 96.157967 0.000000 0.000000 0.000000 1.000000
0.632385 -0.001633 -0.774652 2.187183 -0.015396 0.999774 -0.014676 140.968307 0.774501 0.021208 0.632217 86.310654 0.000000 0.000000 0.000000 1.000000
0.656425 0.005620 -0.754370 1.094775 -0.010775 0.999940 -0.001926 140.900894 0.754314 0.009392 0.656447 76.501022 0.000000 0.000000 0.000000 1.000000
0.671471 0.012667 -0.740922 0.350547 -0.006020 0.999914 0.011640 140.517975 0.741006 -0.003356 0.671490 66.780624 0.000000 0.000000 0.000000 1.000000
0.682230 0.018720 -0.730898 0.006373 -0.003345 0.999742 0.022484 140.174835 0.731130 -0.012895 0.682117 57.165775 0.000000 0.000000 0.000000 1.000000
0.692257 0.023242 -0.721277 -0.055418 -0.002706 0.999558 0.029612 139.789886 0.721646 -0.018547 0.692014 47.533035 0.000000 0.000000 0.000000 1.000000
0.704144 0.029339 -0.709451 0.053658 -0.003463 0.999276 0.037887 139.324005 0.710049 -0.024221 0.703736 37.893028 0.000000 0.000000 0.000000 1.000000
0.713433 0.036635 -0.699765 0.201114 -0.002372 0.998753 0.049870 138.974991 0.700720 -0.033919 0.712630 28.276741 0.000000 0.000000 0.000000 1.000000
0.717145 0.041891 -0.695664 0.305835 0.000982 0.998130 0.061117 138.837799 0.696923 -0.044513 0.715763 18.686123 0.000000 0.000000 0.000000 1.000000
0.721300 0.045416 -0.691132 0.394561 0.003981 0.997560 0.069708 138.741882 0.692611 -0.053032 0.719359 9.075565 0.000000 0.000000 0.000000 1.000000
0.730780 0.048865 -0.680862 0.523158 0.005567 0.996975 0.077527 138.582092 0.682590 -0.060445 0.728297 -0.602504 0.000000 0.000000 0.000000 1.000000</float_array>
        <technique_common>
          <accessor source="#mixamorig_Hips-Matrix-animation-output-transform-array" count="72" stride="16">
            <param type="float4x4"/>
          </accessor>
        </technique_common>
      </source>
      <source id="mixamorig_Hips-Interpolations">
        <Name_array id="mixamorig_Hips-Interpolations-array" count="72">
 LINEAR LINEAR LINEAR LINEAR LINEAR LINEAR LINEAR LINEAR LINEAR LINEAR LINEAR
LINEAR LINEAR LINEAR LINEAR LINEAR LINEAR LINEAR LINEAR LINEAR LINEAR LINEAR LINEAR
LINEAR LINEAR LINEAR LINEAR LINEAR LINEAR LINEAR LINEAR LINEAR LINEAR LINEAR LINEAR
LINEAR LINEAR LINEAR LINEAR LINEAR LINEAR LINEAR LINEAR LINEAR LINEAR LINEAR LINEAR
LINEAR LINEAR LINEAR LINEAR LINEAR LINEAR LINEAR LINEAR LINEAR LINEAR LINEAR LINEAR
LINEAR LINEAR LINEAR LINEAR LINEAR LINEAR LINEAR LINEAR LINEAR LINEAR LINEAR LINEAR
LINEAR</Name_array>
        <technique_common>
          <accessor source="#mixamorig_Hips-Interpolations-array" count="72">
            <param type="name"/>
          </accessor>
        </technique_common>
      </source>
      <sampler id="mixamorig_Hips-Matrix-animation-transform">
        <input semantic="INPUT" source="#mixamorig_Hips-Matrix-animation-input"/>
        <input semantic="OUTPUT" source="#mixamorig_Hips-Matrix-animation-output-transform"/>
        <input semantic="INTERPOLATION" source="#mixamorig_Hips-Interpolations"/>
      </sampler>
      <channel source="#mixamorig_Hips-Matrix-animation-transform" target="mixamorig_Hips/matrix"/>
    </animation>
    <animation id="mixamorig_Spine-anim" name="mixamorig_Spine">
      <source id="mixamorig_Spine-Matrix-animation-input">
        <float_array id="mixamorig_Spine-Matrix-animation-input-array" count="72">

0.000000 0.033333 0.066667 0.100000 0.133333 0.166667 0.200000 0.233333 0.266667 0.300000 0.333333 0.366667 0.400000 0.433333 0.466667 0.500000
0.533333 0.566667 0.600000 0.633333 0.666667 0.700000 0.733333 0.766667 0.800000 0.833333 0.866667 0.900000 0.933333 0.966667 1.000000 1.033333
1.066667 1.100000 1.133333 1.166667 1.200000 1.233333 1.266667 1.300000 1.333333 1.366667 1.400000 1.433333 1.466667 1.500000 1.533333 1.566667
1.600000 1.633333 1.666667 1.700000 1.733333 1.766667 1.800000 1.833333 1.866667 1.900000 1.933333 1.966667 2.000000 2.033333 2.066667 2.100000
2.133333 2.166667 2.200000 2.233333 2.266667 2.300000 2.333333 2.366667</float_array>
        <technique_common>
          <accessor source="#mixamorig_Spine-Matrix-animation-input-array" count="72">
            <param name="TIME" type="float"/>
          </accessor>
        </technique_common>
      </source>
      <source id="mixamorig_Spine-Matrix-animation-output-transform">
        <float_array id="mixamorig_Spine-Matrix-animation-output-transform-array" count="1152">

0.996609 0.029292 0.076888 -0.000000 -0.016567 0.986784 -0.161191 24.514400 -0.080593 0.159371 0.983924 1.476400 0.000000 0.000000 0.000000 1.000000
0.997329 0.028586 0.067217 0.000000 -0.018058 0.988167 -0.152313 24.514400 -0.070776 0.150692 0.986044 1.476400 0.000000 0.000000 0.000000 1.000000
0.997900 0.027780 0.058514 0.000000 -0.019110 0.989418 -0.143831 24.514400 -0.061890 0.142410 0.987871 1.476400 0.000000 0.000000 0.000000 1.000000
0.998297 0.028755 0.050762 0.000000 -0.021655 0.990573 -0.135262 24.514400 -0.054173 0.133933 0.989509 1.476400 0.000000 0.000000 0.000000 1.000000
0.998610 0.031497 0.042266 0.000000 -0.025951 0.991704 -0.125896 24.514400 -0.045881 0.124624 0.991143 1.476400 0.000000 0.000000 0.000000 1.000000
0.998899 0.033215 0.033121 -0.000000 -0.029089 0.992576 -0.118094 24.514400 -0.036798 0.117000 0.992450 1.476400 0.000000 0.000000 0.000000 1.000000
0.999190 0.030922 0.025757 0.000000 -0.027825 0.993209 -0.112968 24.514400 -0.029075 0.112160 0.993265 1.476400 0.000000 0.000000 0.000000 1.000000
0.999453 0.026814 0.019365 0.000000 -0.024403 0.993006 -0.115512 24.514400 -0.022327 0.114977 0.993117 1.476400 0.000000 0.000000 0.000000 1.000000
0.999695 0.021276 0.012532 0.000000 -0.019535 0.991883 -0.125643 24.514400 -0.015104 0.125360 0.991996 1.476400 0.000000 0.000000 0.000000 1.000000
0.999929 0.010861 0.004951 0.000000 -0.010128 0.991525 -0.129521 24.514400 -0.006315 0.129462 0.991564 1.476400 0.000000 0.000000 0.000000 1.000000
0.999991 -0.003900 -0.001355 0.000000 0.003690 0.991469 -0.130293 24.514400 0.001852 0.130287 0.991475 1.476400 0.000000 0.000000 0.000000 1.000000
0.999957 -0.009298 0.000545 0.000000 0.009286 0.990726 -0.135561 24.514400 0.000721 0.135560 0.990769 1.476400 0.000000 0.000000 0.000000 1.000000
0.999937 -0.007489 0.008318 0.000000 0.008537 0.990934 -0.134080 24.514400 -0.007238 0.134142 0.990936 1.476400 0.000000 0.000000 0.000000 1.000000
0.999927 -0.002992 0.011688 0.000000 0.004517 0.991136 -0.132772 24.514400 -0.011187 0.132815 0.991078 1.476400 0.000000 0.000000 0.000000 1.000000
0.999940 -0.000335 0.010944 -0.000000 0.001820 0.990711 -0.135976 24.514400 -0.010797 0.135987 0.990652 1.476400 0.000000 0.000000 0.000000 1.000000
0.999933 -0.003453 0.011084 -0.000000 0.004906 0.990981 -0.133915 24.514400 -0.010522 0.133960 0.990931 1.476400 0.000000 0.000000 0.000000 1.000000
0.999878 -0.008636 0.013042 0.000000 0.010188 0.992223 -0.124053 24.514400 -0.011869 0.124171 0.992190 1.476400 0.000000 0.000000 0.000000 1.000000
0.999827 -0.010368 0.015429 0.000000 0.012101 0.993078 -0.116835 24.514400 -0.014111 0.117001 0.993032 1.476400 0.000000 0.000000 0.000000 1.000000
0.999762 -0.011399 0.018601 0.000000 0.013570 0.992542 -0.121149 24.514400 -0.017081 0.121372 0.992460 1.476400 0.000000 0.000000 0.000000 1.000000
0.999695 -0.016588 0.018316 0.000000 0.018812 0.991491 -0.128812 24.514400 -0.016023 0.129118 0.991500 1.476400 0.000000 0.000000 0.000000 1.000000
0.999516 -0.026641 0.016041 0.000000 0.028554 0.990557 -0.134093 24.514400 -0.012318 0.134486 0.990839 1.476400 0.000000 0.000000 0.000000 1.000000
0.999425 -0.030660 0.014496 0.000000 0.032392 0.989591 -0.140212 24.514400 -0.010046 0.140601 0.990015 1.476400 0.000000 0.000000 0.000000 1.000000
0.999460 -0.030774 0.011536 0.000000 0.032067 0.990022 -0.137214 24.514400 -0.007198 0.137509 0.990474 1.476400 0.000000 0.000000 0.000000 1.000000
0.999414 -0.032436 0.010909 -0.000000 0.033576 0.991023 -0.129405 24.514400 -0.006614 0.129695 0.991532 1.476400 0.000000 0.000000 0.000000 1.000000
0.998831 -0.043869 0.020286 0.000000 0.046012 0.991553 -0.121265 24.514400 -0.014795 0.122057 0.992413 1.476400 0.000000 0.000000 0.000000 1.000000
0.998276 -0.053204 0.024797 0.000000 0.055743 0.991629 -0.116467 24.514400 -0.018393 0.117648 0.992885 1.476400 0.000000 0.000000 0.000000 1.000000
0.997443 -0.067441 0.023651 -0.000000 0.069715 0.991001 -0.114264 24.514400 -0.015732 0.115621 0.993169 1.476400 0.000000 0.000000 0.000000 1.000000
0.996235 -0.083452 0.023500 0.000000 0.085574 0.990009 -0.112072 24.514400 -0.013913 0.113661 0.993422 1.476400 0.000000 0.000000 0.000000 1.000000
0.995681 -0.087433 0.031227 -0.000000 0.090433 0.989461 -0.113084 24.514400 -0.021011 0.115419 0.993095 1.476400 0.000000 0.000000 0.000000 1.000000
0.995297 -0.088229 0.039992 0.000000 0.092551 0.988002 -0.123641 24.514400 -0.028604 0.126761 0.991521 1.476400 0.000000 0.000000 0.000000 1.000000
0.994806 -0.090939 0.045722 0.000000 0.096552 0.985282 -0.141054 24.514400 -0.032221 0.144736 0.988946 1.476400 0.000000 0.000000 0.000000 1.000000
0.995281 -0.087935 0.041037 0.000000 0.093472 0.982358 -0.161976 24.514400 -0.026070 0.165047 0.985941 1.476400 0.000000 0.000000 0.000000 1.000000
0.996384 -0.078548 0.032394 0.000000 0.083225 0.979032 -0.185930 24.514400 -0.017110 0.187953 0.982029 1.476400 0.000000 0.000000 0.000000 1.000000
0.998260 -0.055354 0.020300 0.000000 0.058400 0.975624 -0.211534 24.514400 -0.008096 0.212352 0.977160 1.476400 0.000000 0.000000 0.000000 1.000000
0.999773 -0.021124 -0.002917 0.000000 0.019967 0.975345 -0.219783 24.514400 0.007488 0.219674 0.975545 1.476400 0.000000 0.000000 0.000000 1.000000
0.999844 0.002258 -0.017500 0.000000 -0.005774 0.979045 -0.203563 24.514400 0.016674 0.203633 0.978905 1.476400 0.000000 0.000000 0.000000 1.000000
0.999354 0.018852 -0.030605 0.000000 -0.023633 0.986135 -0.164256 24.514400 0.027084 0.164873 0.985943 1.476400 0.000000 0.000000 0.000000 1.000000
0.997925 0.034906 -0.054108 0.000000 -0.042342 0.988812 -0.143033 24.514400 0.048509 0.145027 0.988238 1.476400 0.000000 0.000000 0.000000 1.000000
0.997166 0.051083 -0.055240 0.000000 -0.059435 0.984998 -0.162009 24.514400 0.046135 0.164833 0.985242 1.476400 0.000000 0.000000 0.000000 1.000000
0.997548 0.061875 -0.032718 -0.000000 -0.067157 0.977827 -0.198355 24.514400 0.019719 0.200066 0.979584 1.476400 0.000000 0.000000 0.000000 1.000000
0.997792 0.062599 -0.022191 0.000000 -0.065902 0.974633 -0.213886 24.514400 0.008239 0.214876 0.976607 1.476400 0.000000 0.000000 0.000000 1.000000
0.998126 0.056255 -0.024101 -0.000000 -0.060084 0.975601 -0.211169 24.514400 0.011634 0.212221 0.977152 1.476400 0.000000 0.000000 0.000000 1.000000
0.998109 0.056397 -0.024445 0.000000 -0.060257 0.976271 -0.208001 24.514400 0.012134 0.209081 0.977823 1.476400 0.000000 0.000000 0.000000 1.000000
0.997677 0.065449 -0.018875 0.000000 -0.067904 0.977495 -0.199732 24.514400 0.005378 0.200549 0.979669 1.476400 0.000000 0.000000 0.000000 1.000000
0.997284 0.072741 -0.011568 0.000000 -0.073621 0.979707 -0.186424 24.514400 -0.002227 0.186769 0.982401 1.476400 0.000000 0.000000 0.000000 1.000000
0.997538 0.070078 -0.002675 0.000000 -0.069377 0.980557 -0.183564 24.514400 -0.010241 0.183297 0.983004 1.476400 0.000000 0.000000 0.000000 1.000000
0.997721 0.067340 0.004193 0.000000 -0.065412 0.980643 -0.184553 24.514400 -0.016540 0.183858 0.982814 1.476400 0.000000 0.000000 0.000000 1.000000
0.997587 0.068912 0.008458 0.000000 -0.066293 0.981631 -0.178900 24.514400 -0.020631 0.177908 0.983831 1.476400 0.000000 0.000000 0.000000 1.000000
0.997568 0.068657 0.012022 0.000000 -0.065581 0.982951 -0.171776 24.514400 -0.023611 0.170570 0.985063 1.476400 0.000000 0.000000 0.000000 1.000000
0.997422 0.069873 0.016334 0.000000 -0.066319 0.984560 -0.161995 24.514400 -0.027401 0.160495 0.986656 1.476400 0.000000 0.000000 0.000000 1.000000
0.997118 0.072763 0.021501 0.000000 -0.068692 0.986080 -0.151422 24.514400 -0.032219 0.149509 0.988235 1.476400 0.000000 0.000000 0.000000 1.000000
0.996698 0.076238 0.027950 0.000000 -0.071455 0.986985 -0.144066 24.514400 -0.038570 0.141594 0.989173 1.476400 0.000000 0.000000 0.000000 1.000000
0.996197 0.078329 0.038155 0.000000 -0.072170 0.987188 -0.142307 24.514400 -0.048813 0.139012 0.989087 1.476400 0.000000 0.000000 0.000000 1.000000
0.996228 0.070462 0.050648 0.000000 -0.062602 0.987765 -0.142834 24.514400 -0.060093 0.139125 0.988450 1.476400 0.000000 0.000000 0.000000 1.000000
0.996638 0.055526 0.060250 0.000000 -0.046570 0.988911 -0.141018 24.514400 -0.067412 0.137738 0.988172 1.476400 0.000000 0.000000 0.000000 1.000000
0.996689 0.046095 0.066984 0.000000 -0.036632 0.990003 -0.136207 24.514400 -0.072593 0.133302 0.988413 1.476400 0.000000 0.000000 0.000000 1.000000
0.996630 0.037905 0.072746 0.000000 -0.028122 0.990973 -0.131082 24.514400 -0.077058 0.128594 0.988699 1.476400 0.000000 0.000000 0.000000 1.000000
0.996605 0.030733 0.076387 0.000000 -0.020688 0.991433 -0.128970 24.514400 -0.079696 0.126952 0.988702 1.476400 0.000000 0.000000 0.000000 1.000000
0.996491 0.028244 0.078790 0.000000 -0.017912 0.991497 -0.128887 24.514400 -0.081761 0.127023 0.988524 1.476400 0.000000 0.000000 0.000000 1.000000
0.996327 0.029114 0.080527 0.000000 -0.018416 0.991273 -0.130534 24.514400 -0.083625 0.128571 0.988168 1.476400 0.000000 0.000000 0.000000 1.000000
0.996181 0.031990 0.081239 0.000000 -0.020890 0.990764 -0.133977 24.514400 -0.084775 0.131768 0.987649 1.476400 0.000000 0.000000 0.000000 1.000000
0.996183 0.032944 0.080829 0.000000 -0.021682 0.990411 -0.136440 24.514400 -0.084549 0.134166 0.987345 1.476400 0.000000 0.000000 0.000000 1.000000
0.996211 0.033223 0.080368 0.000000 -0.022068 0.990477 -0.135900 24.514400 -0.084118 0.133612 0.987457 1.476400 0.000000 0.000000 0.000000 1.000000
0.996161 0.035928 0.079823 -0.000000 -0.024875 0.990481 -0.135385 24.514400 -0.083927 0.132879 0.987572 1.476400 0.000000 0.000000 0.000000 1.000000
0.996128 0.038121 0.079215 0.000000 -0.026989 0.990185 -0.137131 24.514400 -0.083665 0.134462 0.987380 1.476400 0.000000 0.000000 0.000000 1.000000
0.996125 0.038403 0.079115 -0.000000 -0.027043 0.989788 -0.139957 24.514400 -0.083682 0.137275 0.986992 1.476400 0.000000 0.000000 0.000000 1.000000
0.996138 0.037230 0.079523 0.000000 -0.025589 0.989437 -0.142686 24.514400 -0.083995 0.140100 0.986568 1.476400 0.000000 0.000000 0.000000 1.000000
0.996250 0.034901 0.079166 0.000000 -0.023033 0.988994 -0.146150 24.514400 -0.083395 0.143778 0.986090 1.476400 0.000000 0.000000 0.000000 1.000000
0.996380 0.033007 0.078341 0.000000 -0.020882 0.988340 -0.150822 24.514400 -0.082406 0.148641 0.985452 1.476400 0.000000 0.000000 0.000000 1.000000
0.996398 0.032214 0.078440 0.000000 -0.019731 0.987717 -0.155001 24.514400 -0.082470 0.152895 0.984795 1.476400 0.000000 0.000000 0.000000 1.000000
0.996442 0.031187 0.078295 0.000000 -0.018482 0.987259 -0.158043 24.514400 -0.082227 0.156033 0.984323 1.476400 0.000000 0.000000 0.000000 1.000000
0.996609 0.029291 0.076887 0.000000 -0.016567 0.986784 -0.161191 24.514400 -0.080593 0.159371 0.983924 1.476400 0.000000 0.000000 0.000000 1.000000</float_array>
        <technique_common>
          <accessor source="#mixamorig_Spine-Matrix-animation-output-transform-array" count="72" stride="16">
            <param type="float4x4"/>
          </accessor>
        </technique_common>
      </source>
      <source id="mixamorig_Spine-Interpolations">
        <Name_array id="mixamorig_Spine-Interpolations-array" count="72">
 LINEAR LINEAR LINEAR LINEAR LINEAR LINEAR LINEAR LINEAR LINEAR LINEAR LINEAR
LINEAR LINEAR LINEAR LINEAR LINEAR LINEAR LINEAR LINEAR LINEAR LINEAR LINEAR LINEAR
LINEAR LINEAR LINEAR LINEAR LINEAR LINEAR LINEAR LINEAR LINEAR LINEAR LINEAR LINEAR
LINEAR LINEAR LINEAR LINEAR LINEAR LINEAR LINEAR LINEAR LINEAR LINEAR LINEAR LINEAR
LINEAR LINEAR LINEAR LINEAR LINEAR LINEAR LINEAR LINEAR LINEAR LINEAR LINEAR LINEAR
LINEAR LINEAR LINEAR LINEAR LINEAR LINEAR LINEAR LINEAR LINEAR LINEAR LINEAR LINEAR
LINEAR</Name_array>
        <technique_common>
          <accessor source="#mixamorig_Spine-Interpolations-array" count="72">
            <param type="name"/>
          </accessor>
        </technique_common>
      </source>
      <sampler id="mixamorig_Spine-Matrix-animation-transform">
        <input semantic="INPUT" source="#mixamorig_Spine-Matrix-animation-input"/>
        <input semantic="OUTPUT" source="#mixamorig_Spine-Matrix-animation-output-transform"/>
        <input semantic="INTERPOLATION" source="#mixamorig_Spine-Interpolations"/>
      </sampler>
      <channel source="#mixamorig_Spine-Matrix-animation-transform" target="mixamorig_Spine/matrix"/>
    </animation>
    <animation id="mixamorig_Spine1-anim" name="mixamorig_Spine1">
      <source id="mixamorig_Spine1-Matrix-animation-input">
        <float_array id="mixamorig_Spine1-Matrix-animation-input-array" count="72">

0.000000 0.033333 0.066667 0.100000 0.133333 0.166667 0.200000 0.233333 0.266667 0.300000 0.333333 0.366667 0.400000 0.433333 0.466667 0.500000
0.533333 0.566667 0.600000 0.633333 0.666667 0.700000 0.733333 0.766667 0.800000 0.833333 0.866667 0.900000 0.933333 0.966667 1.000000 1.033333
1.066667 1.100000 1.133333 1.166667 1.200000 1.233333 1.266667 1.300000 1.333333 1.366667 1.400000 1.433333 1.466667 1.500000 1.533333 1.566667
1.600000 1.633333 1.666667 1.700000 1.733333 1.766667 1.800000 1.833333 1.866667 1.900000 1.933333 1.966667 2.000000 2.033333 2.066667 2.100000
2.133333 2.166667 2.200000 2.233333 2.266667 2.300000 2.333333 2.366667</float_array>
        <technique_common>
          <accessor source="#mixamorig_Spine1-Matrix-animation-input-array" count="72">
            <param name="TIME" type="float"/>
          </accessor>
        </technique_common>
      </source>
      <source id="mixamorig_Spine1-Matrix-animation-output-transform">
        <float_array id="mixamorig_Spine1-Matrix-animation-output-transform-array" count="1152">

0.986155 0.062479 0.153605 0.000000 -0.030337 0.978646 -0.203300 28.651899 -0.163027 0.195826 0.966993 0.000000 0.000000 0.000000 0.000000 1.000000
0.989123 0.057909 0.135212 -0.000000 -0.032154 0.982135 -0.185412 28.651899 -0.143533 0.179048 0.973314 -0.000000 0.000000 0.000000 0.000000 1.000000
0.991487 0.053221 0.118831 0.000000 -0.032716 0.985198 -0.168271 28.651899 -0.126027 0.162951 0.978552 0.000000 0.000000 0.000000 0.000000 1.000000
0.993168 0.052421 0.104252 0.000000 -0.036284 0.987858 -0.151065 28.651899 -0.110905 0.146251 0.983011 0.000000 0.000000 0.000000 0.000000 1.000000
0.994516 0.056063 0.088292 0.000000 -0.044069 0.990220 -0.132371 28.651899 -0.094850 0.127754 0.987260 0.000000 0.000000 0.000000 0.000000 1.000000
0.995871 0.055938 0.071500 0.000000 -0.047353 0.992052 -0.116581 28.651899 -0.077453 0.112713 0.990604 0.000000 0.000000 0.000000 0.000000 1.000000
0.997197 0.046736 0.058429 0.000000 -0.040354 0.993547 -0.105996 28.651899 -0.063005 0.103341 0.992648 0.000000 0.000000 0.000000 0.000000 1.000000
0.998276 0.034493 0.047491 0.000000 -0.029052 0.993415 -0.110825 28.651899 -0.051001 0.109254 0.992705 0.000000 0.000000 0.000000 0.000000 1.000000
0.999006 0.027172 0.035343 0.000000 -0.022318 0.991114 -0.131131 28.651899 -0.038592 0.130212 0.990735 0.000000 0.000000 0.000000 0.000000 1.000000
0.999723 0.011727 0.020398 0.000000 -0.008782 0.990265 -0.138919 28.651899 -0.021828 0.138702 0.990094 0.000000 0.000000 0.000000 0.000000 1.000000
0.999909 -0.011164 0.007561 0.000000 0.012116 0.990006 -0.140505 28.651899 -0.005916 0.140584 0.990051 0.000000 0.000000 0.000000 0.000000 1.000000
0.999691 -0.022211 0.011188 0.000000 0.023647 0.988256 -0.150966 28.651899 -0.007704 0.151184 0.988476 0.000000 0.000000 0.000000 0.000000 1.000000
0.999274 -0.023648 0.029878 -0.000000 0.027813 0.988635 -0.147738 28.651899 -0.026045 0.148461 0.988575 0.000000 0.000000 0.000000 0.000000 1.000000
0.998929 -0.020269 0.041584 -0.000000 0.026101 0.989104 -0.144885 28.651899 -0.038194 0.145816 0.988574 0.000000 0.000000 0.000000 0.000000 1.000000
0.998817 -0.020123 0.044276 0.000000 0.026607 0.988156 -0.151128 28.651899 -0.040711 0.152127 0.987522 -0.000000 0.000000 0.000000 0.000000 1.000000
0.998480 -0.029534 0.046524 0.000000 0.036079 0.988507 -0.146807 28.651899 -0.041654 0.148262 0.988070 -0.000000 0.000000 0.000000 0.000000 1.000000
0.998170 -0.038945 0.046268 0.000000 0.044549 0.990898 -0.127030 28.651899 -0.040900 0.128859 0.990819 0.000000 0.000000 0.000000 0.000000 1.000000
0.997968 -0.041659 0.048201 0.000000 0.046868 0.992542 -0.112535 28.651899 -0.043154 0.114565 0.992478 0.000000 0.000000 0.000000 0.000000 1.000000
0.997740 -0.042366 0.052158 0.000000 0.048429 0.991461 -0.121078 28.651899 -0.046583 0.123330 0.991272 -0.000000 0.000000 0.000000 0.000000 1.000000
0.997664 -0.048204 0.048413 -0.000000 0.054416 0.989143 -0.136510 28.651899 -0.041307 0.138826 0.989455 0.000000 0.000000 0.000000 0.000000 1.000000
0.997469 -0.058735 0.040060 0.000000 0.064037 0.987010 -0.147345 28.651899 -0.030886 0.149538 0.988274 -0.000000 0.000000 0.000000 0.000000 1.000000
0.995903 -0.076779 0.047771 0.000000 0.083466 0.983756 -0.158926 28.651899 -0.034793 0.162262 0.986134 -0.000000 0.000000 0.000000 0.000000 1.000000
0.994589 -0.089014 0.053556 0.000000 0.096237 0.983630 -0.152352 28.651899 -0.039118 0.156682 0.986874 0.000000 0.000000 0.000000 0.000000 1.000000
0.994431 -0.091867 0.051647 0.000000 0.098168 0.985718 -0.136830 28.651899 -0.038339 0.141138 0.989247 0.000000 0.000000 0.000000 0.000000 1.000000
0.994298 -0.093779 0.050763 0.000000 0.099333 0.987664 -0.121047 28.651899 -0.038785 0.125399 0.991348 0.000000 0.000000 0.000000 0.000000 1.000000
0.993419 -0.102766 0.050576 0.000000 0.107876 0.987876 -0.111638 28.651899 -0.038490 0.116359 0.992461 0.000000 0.000000 0.000000 0.000000 1.000000
0.990801 -0.127678 0.044857 -0.000000 0.131843 0.985456 -0.107212 28.651899 -0.030516 0.112140 0.993224 0.000000 0.000000 0.000000 0.000000 1.000000
0.986545 -0.157875 0.042481 0.000000 0.161491 0.981524 -0.102623 28.651899 -0.025494 0.108103 0.993813 0.000000 0.000000 0.000000 0.000000 1.000000
0.985303 -0.162490 0.052671 0.000000 0.167255 0.980377 -0.104339 28.651899 -0.034683 0.111615 0.993146 0.000000 0.000000 0.000000 0.000000 1.000000
0.984151 -0.163365 0.068989 0.000000 0.170984 0.977334 -0.124833 28.651899 -0.047032 0.134651 0.989776 -0.000000 0.000000 0.000000 0.000000 1.000000
0.982561 -0.167903 0.079897 -0.000000 0.178849 0.970936 -0.159048 28.651899 -0.050870 0.170564 0.984033 -0.000000 0.000000 0.000000 0.000000 1.000000
0.983519 -0.164292 0.075492 0.000000 0.176377 0.963644 -0.200703 28.651899 -0.039774 0.210710 0.976739 0.000000 0.000000 0.000000 0.000000 1.000000
0.986919 -0.147748 0.064507 0.000000 0.159282 0.955408 -0.248646 28.651899 -0.024893 0.255669 0.966444 -0.000000 0.000000 0.000000 0.000000 1.000000
0.993670 -0.103310 0.044118 0.000000 0.111817 0.947336 -0.300085 28.651899 -0.010793 0.303119 0.952892 0.000000 0.000000 0.000000 0.000000 1.000000
0.999222 -0.039363 0.002518 0.000000 0.038128 0.947567 -0.317274 28.651899 0.010103 0.317123 0.948331 0.000000 0.000000 0.000000 0.000000 1.000000
0.999773 0.007868 -0.019776 0.000000 -0.013190 0.958265 -0.285576 28.651899 0.016704 0.285772 0.958152 0.000000 0.000000 0.000000 0.000000 1.000000
0.998847 0.040550 -0.025696 0.000000 -0.045016 0.977109 -0.207920 28.651899 0.016676 0.208837 0.977808 -0.000000 0.000000 0.000000 0.000000 1.000000
0.997976 0.051191 -0.037729 0.000000 -0.056783 0.984440 -0.166293 28.651899 0.028629 0.168098 0.985354 0.000000 0.000000 0.000000 0.000000 1.000000
0.997877 0.054571 -0.035543 -0.000000 -0.060724 0.976886 -0.204956 28.651899 0.023536 0.206679 0.978126 0.000000 0.000000 0.000000 0.000000 1.000000
0.997375 0.070537 -0.016381 0.000000 -0.072315 0.958421 -0.276044 28.651899 -0.003771 0.276504 0.961005 0.000000 0.000000 0.000000 0.000000 1.000000
0.997078 0.075847 -0.009123 0.000000 -0.074994 0.949054 -0.306059 28.651899 -0.014555 0.305849 0.951969 0.000000 0.000000 0.000000 0.000000 1.000000
0.997748 0.065873 -0.012645 -0.000000 -0.066622 0.951359 -0.300795 28.651899 -0.007784 0.300960 0.953605 -0.000000 0.000000 0.000000 0.000000 1.000000
0.997208 0.073212 -0.014679 -0.000000 -0.074284 0.952760 -0.294501 28.651899 -0.007575 0.294769 0.955538 0.000000 0.000000 0.000000 0.000000 1.000000
0.994649 0.102727 -0.010959 0.000000 -0.101713 0.955166 -0.278052 28.651899 -0.018096 0.277679 0.960504 0.000000 0.000000 0.000000 0.000000 1.000000
0.991754 0.127905 -0.008026 -0.000000 -0.125793 0.959580 -0.251758 28.651899 -0.024499 0.250691 0.967757 -0.000000 0.000000 0.000000 0.000000 1.000000
0.991322 0.131455 -0.000158 0.000000 -0.127444 0.960779 -0.246294 28.651899 -0.032225 0.244177 0.969195 -0.000000 0.000000 0.000000 0.000000 1.000000
0.991883 0.126241 0.015230 0.000000 -0.118533 0.961318 -0.248631 28.651899 -0.046028 0.244808 0.968479 0.000000 0.000000 0.000000 0.000000 1.000000
0.991847 0.123798 0.030208 0.000000 -0.113173 0.964722 -0.237704 28.651899 -0.058570 0.232347 0.970868 -0.000000 0.000000 0.000000 0.000000 1.000000
0.992414 0.117025 0.037665 0.000000 -0.105771 0.968933 -0.223567 28.651899 -0.062658 0.217887 0.973961 0.000000 0.000000 0.000000 0.000000 1.000000
0.992647 0.111752 0.046508 0.000000 -0.100073 0.973830 -0.204060 28.651899 -0.068095 0.197905 0.977853 0.000000 0.000000 0.000000 0.000000 1.000000
0.992217 0.110622 0.057165 0.000000 -0.098517 0.978177 -0.182931 28.651899 -0.076154 0.175876 0.981462 0.000000 0.000000 0.000000 0.000000 1.000000
0.990986 0.114910 0.068871 -0.000000 -0.101989 0.980441 -0.168323 28.651899 -0.086866 0.159782 0.983323 0.000000 0.000000 0.000000 0.000000 1.000000
0.988915 0.120377 0.086932 0.000000 -0.104869 0.980697 -0.165035 28.651899 -0.105120 0.154089 0.982449 0.000000 0.000000 0.000000 0.000000 1.000000
0.987361 0.115052 0.108997 0.000000 -0.095961 0.981346 -0.166591 28.651899 -0.126130 0.154026 0.979983 -0.000000 0.000000 0.000000 0.000000 1.000000
0.986471 0.103052 0.127493 0.000000 -0.081519 0.983104 -0.163893 28.651899 -0.142229 0.151282 0.978205 0.000000 0.000000 0.000000 0.000000 1.000000
0.985395 0.095665 0.140875 0.000000 -0.073473 0.985166 -0.155078 28.651899 -0.153621 0.142462 0.977806 -0.000000 0.000000 0.000000 0.000000 1.000000
0.984757 0.086386 0.150966 0.000000 -0.064335 0.987295 -0.145290 28.651899 -0.161599 0.133363 0.977804 -0.000000 0.000000 0.000000 0.000000 1.000000
0.984810 0.075312 0.156454 0.000000 -0.053193 0.988573 -0.141043 28.651899 -0.165288 0.130578 0.977563 -0.000000 0.000000 0.000000 0.000000 1.000000
0.984762 0.070257 0.159087 -0.000000 -0.047817 0.988893 -0.140730 28.651899 -0.167207 0.130979 0.977183 0.000000 0.000000 0.000000 0.000000 1.000000
0.984489 0.069514 0.161090 0.000000 -0.046271 0.988526 -0.143790 28.651899 -0.169237 0.134106 0.976409 0.000000 0.000000 0.000000 0.000000 1.000000
0.984199 0.071721 0.161889 0.000000 -0.047223 0.987497 -0.150398 28.651899 -0.170651 0.140377 0.975281 0.000000 0.000000 0.000000 0.000000 1.000000
0.984318 0.071296 0.161353 -0.000000 -0.046064 0.986834 -0.155040 28.651899 -0.170282 0.145176 0.974643 -0.000000 0.000000 0.000000 0.000000 1.000000
0.984459 0.071106 0.160573 0.000000 -0.046188 0.987007 -0.153897 28.651899 -0.169430 0.144089 0.974952 -0.000000 0.000000 0.000000 0.000000 1.000000
0.984317 0.075668 0.159356 0.000000 -0.051099 0.986906 -0.152986 28.651899 -0.168845 0.142444 0.975295 0.000000 0.000000 0.000000 0.000000 1.000000
0.984248 0.079367 0.157978 0.000000 -0.054400 0.986176 -0.156518 28.651899 -0.168216 0.145458 0.974959 0.000000 0.000000 0.000000 0.000000 1.000000
0.984242 0.079998 0.157695 0.000000 -0.054107 0.985286 -0.162125 28.651899 -0.168344 0.151038 0.974088 0.000000 0.000000 0.000000 0.000000 1.000000
0.984285 0.077697 0.158578 0.000000 -0.050746 0.984578 -0.167427 28.651899 -0.169141 0.156748 0.973047 0.000000 0.000000 0.000000 0.000000 1.000000
0.984729 0.072976 0.158061 0.000000 -0.044962 0.983709 -0.174056 28.651899 -0.168188 0.164291 0.971968 0.000000 0.000000 0.000000 0.000000 1.000000
0.985246 0.069278 0.156493 0.000000 -0.039984 0.982278 -0.183116 28.651899 -0.166406 0.174158 0.970556 0.000000 0.000000 0.000000 0.000000 1.000000
0.985316 0.068033 0.156599 0.000000 -0.037315 0.980818 -0.191322 28.651899 -0.166611 0.182669 0.968954 0.000000 0.000000 0.000000 0.000000 1.000000
0.985488 0.066232 0.156290 0.000000 -0.034563 0.979743 -0.197253 28.651899 -0.166188 0.188989 0.967814 -0.000000 0.000000 0.000000 0.000000 1.000000
0.986155 0.062479 0.153605 -0.000000 -0.030337 0.978646 -0.203300 28.651899 -0.163027 0.195826 0.966993 -0.000000 0.000000 0.000000 0.000000 1.000000</float_array>
        <technique_common>
          <accessor source="#mixamorig_Spine1-Matrix-animation-output-transform-array" count="72" stride="16">
            <param type="float4x4"/>
          </accessor>
        </technique_common>
      </source>
