<?xml version="1.0" encoding="utf-8"?>
<COLLADA xmlns="http://www.collada.org/2005/11/COLLADASchema" version="1.4.1">
  <asset>
    <contributor>
      <author>Mixamo</author>
      <authoring_tool>COLLADA Mixamo exporter</authoring_tool>
      <comments/>
    </contributor>
    <created>2026-04-02T04:04:53Z</created>
    <modified>2026-04-02T04:04:53Z</modified>
    <revision/>
    <title/>
    <unit meter="0.010000"/>
    <up_axis>Y_UP</up_axis>
  </asset>
  <library_animations>
    <animation id="mixamorig_Hips-anim" name="mixamorig_Hips">
      <source id="mixamorig_Hips-Matrix-animation-input">
        <float_array id="mixamorig_Hips-Matrix-animation-input-array" count="506">

0.000000 0.033333 0.066667 0.100000 0.133333 0.166667 0.200000 0.233333 0.266667 0.300000 0.333333 0.366667 0.400000 0.433333 0.466667 0.500000
0.533333 0.566667 0.600000 0.633333 0.666667 0.700000 0.733333 0.766667 0.800000 0.833333 0.866667 0.900000 0.933333 0.966667 1.000000 1.033333
1.066667 1.100000 1.133333 1.166667 1.200000 1.233333 1.266667 1.300000 1.333333 1.366667 1.400000 1.433333 1.466667 1.500000 1.533333 1.566667
1.600000 1.633333 1.666667 1.700000 1.733333 1.766667 1.800000 1.833333 1.866667 1.900000 1.933333 1.966667 2.000000 2.033333 2.066667 2.100000
2.133333 2.166667 2.200000 2.233333 2.266667 2.300000 2.333333 2.366667 2.400000 2.433333 2.466667 2.500000 2.533333 2.566667 2.600000 2.633333
2.666667 2.700000 2.733333 2.766667 2.800000 2.833333 2.866667 2.900000 2.933333 2.966667 3.000000 3.033333 3.066667 3.100000 3.133333 3.166667
3.200000 3.233333 3.266667 3.300000 3.333333 3.366667 3.400000 3.433333 3.466667 3.500000 3.533333 3.566667 3.600000 3.633333 3.666667 3.700000
3.733333 3.766667 3.800000 3.833333 3.866667 3.900000 3.933333 3.966667 4.000000 4.033333 4.066667 4.100000 4.133333 4.166667 4.200000 4.233333
4.266667 4.300000 4.333333 4.366667 4.400000 4.433333 4.466667 4.500000 4.533333 4.566667 4.600000 4.633333 4.666667 4.700000 4.733333 4.766667
4.800000 4.833333 4.866667 4.900000 4.933333 4.966667 5.000000 5.033333 5.066667 5.100000 5.133333 5.166667 5.200000 5.233333 5.266667 5.300000
5.333333 5.366667 5.400000 5.433333 5.466667 5.500000 5.533333 5.566667 5.600000 5.633333 5.666667 5.700000 5.733333 5.766667 5.800000 5.833333
5.866667 5.900000 5.933333 5.966667 6.000000 6.033333 6.066667 6.100000 6.133333 6.166667 6.200000 6.233333 6.266667 6.300000 6.333333 6.366667
6.400000 6.433333 6.466667 6.500000 6.533333 6.566667 6.600000 6.633333 6.666667 6.700000 6.733333 6.766667 6.800000 6.833333 6.866667 6.900000
6.933333 6.966667 7.000000 7.033333 7.066667 7.100000 7.133333 7.166667 7.200000 7.233333 7.266667 7.300000 7.333333 7.366667 7.400000 7.433333
7.466667 7.500000 7.533333 7.566667 7.600000 7.633333 7.666667 7.700000 7.733333 7.766667 7.800000 7.833333 7.866667 7.900000 7.933333 7.966667
8.000000 8.033333 8.066667 8.100000 8.133333 8.166667 8.200000 8.233333 8.266667 8.300000 8.333333 8.366667 8.400000 8.433333 8.466667 8.500000
8.533333 8.566667 8.600000 8.633333 8.666667 8.700000 8.733333 8.766667 8.800000 8.833333 8.866667 8.900000 8.933333 8.966667 9.000000 9.033333
9.066667 9.100000 9.133333 9.166667 9.200000 9.233333 9.266667 9.300000 9.333333 9.366667 9.400000 9.433333 9.466667 9.500000 9.533333 9.566667
9.600000 9.633333 9.666667 9.700000 9.733333 9.766667 9.800000 9.833333 9.866667 9.900000 9.933333 9.966667 10.000000 10.033333 10.066667 10.100000
10.133333 10.166667 10.200000 10.233333 10.266667 10.300000 10.333333 10.366667 10.400000 10.433333 10.466667 10.500000 10.533333 10.566667 10.600000 10.633333
10.666667 10.700000 10.733333 10.766667 10.800000 10.833333 10.866667 10.900000 10.933333 10.966667 11.000000 11.033333 11.066667 11.100000 11.133333 11.166667
11.200000 11.233333 11.266667 11.300000 11.333333 11.366667 11.400000 11.433333 11.466667 11.500000 11.533333 11.566667 11.600000 11.633333 11.666667 11.700000
11.733333 11.766667 11.800000 11.833333 11.866667 11.900000 11.933333 11.966667 12.000000 12.033333 12.066667 12.100000 12.133333 12.166667 12.200000 12.233333
12.266667 12.300000 12.333333 12.366667 12.400000 12.433333 12.466667 12.500000 12.533333 12.566667 12.600000 12.633333 12.666667 12.700000 12.733333 12.766667
12.800000 12.833333 12.866667 12.900000 12.933333 12.966667 13.000000 13.033333 13.066667 13.100000 13.133333 13.166667 13.200000 13.233333 13.266667 13.300000
13.333333 13.366667 13.400000 13.433333 13.466667 13.500000 13.533333 13.566667 13.600000 13.633333 13.666667 13.700000 13.733333 13.766667 13.800000 13.833333
13.866667 13.900000 13.933333 13.966667 14.000000 14.033333 14.066667 14.100000 14.133333 14.166667 14.200000 14.233333 14.266667 14.300000 14.333333 14.366667
14.400000 14.433333 14.466667 14.500000 14.533333 14.566667 14.600000 14.633333 14.666667 14.700000 14.733333 14.766667 14.800000 14.833333 14.866667 14.900000
14.933333 14.966667 15.000000 15.033333 15.066667 15.100000 15.133333 15.166667 15.200000 15.233333 15.266667 15.300000 15.333333 15.366667 15.400000 15.433333
15.466667 15.500000 15.533333 15.566667 15.600000 15.633333 15.666667 15.700000 15.733333 15.766667 15.800000 15.833333 15.866667 15.900000 15.933333 15.966667
16.000000 16.033333 16.066667 16.100000 16.133333 16.166667 16.200000 16.233333 16.266667 16.300000 16.333333 16.366667 16.400000 16.433333 16.466667 16.500000
16.533333 16.566667 16.600000 16.633333 16.666667 16.700000 16.733333 16.766667 16.800000 16.833333</float_array>
        <technique_common>
          <accessor source="#mixamorig_Hips-Matrix-animation-input-array" count="506">
            <param name="TIME" type="float"/>
          </accessor>
        </technique_common>
      </source>
      <source id="mixamorig_Hips-Matrix-animation-output-transform">
        <float_array id="mixamorig_Hips-Matrix-animation-output-transform-array" count="8096">

0.993240 0.034082 -0.110966 0.052470 -0.026680 0.997361 0.067522 145.244507 0.112974 -0.064105 0.991528 0.815588 0.000000 0.000000 0.000000 1.000000
0.993722 0.033394 -0.106774 0.079386 -0.026777 0.997666 0.062812 145.178650 0.108623 -0.059559 0.992297 1.203059 0.000000 0.000000 0.000000 1.000000
0.994451 0.031262 -0.100452 0.148145 -0.025441 0.997950 0.058720 145.080521 0.102082 -0.055838 0.993208 1.613032 0.000000 0.000000 0.000000 1.000000
0.994937 0.030058 -0.095904 0.273314 -0.024550 0.998009 0.058102 144.923157 0.097459 -0.055453 0.993693 1.985476 0.000000 0.000000 0.000000 1.000000
0.994993 0.030501 -0.095176 0.426807 -0.024688 0.997791 0.061667 144.628815 0.096847 -0.059009 0.993549 2.260524 0.000000 0.000000 0.000000 1.000000
0.994677 0.031828 -0.097999 0.519911 -0.025235 0.997380 0.067799 144.259872 0.099900 -0.064965 0.992874 2.437045 0.000000 0.000000 0.000000 1.000000
0.994147 0.032992 -0.102875 0.568720 -0.025396 0.996913 0.074299 143.930527 0.105009 -0.071251 0.991916 2.549897 0.000000 0.000000 0.000000 1.000000
0.993586 0.033503 -0.108005 0.607215 -0.024962 0.996524 0.079482 143.696304 0.110292 -0.076276 0.990968 2.626562 0.000000 0.000000 0.000000 1.000000
0.993163 0.033294 -0.111889 0.655084 -0.024203 0.996368 0.081642 143.595215 0.114201 -0.078376 0.990361 2.687903 0.000000 0.000000 0.000000 1.000000
0.992971 0.032032 -0.113937 0.714372 -0.023102 0.996619 0.078850 143.640915 0.116078 -0.075664 0.990354 2.738817 0.000000 0.000000 0.000000 1.000000
0.992948 0.029084 -0.114929 0.816472 -0.021001 0.997260 0.070927 143.824310 0.116677 -0.068013 0.990838 2.765517 0.000000 0.000000 0.000000 1.000000
0.992959 0.024326 -0.115933 1.057513 -0.017356 0.998002 0.060751 144.103882 0.117179 -0.058311 0.991397 2.759835 0.000000 0.000000 0.000000 1.000000
0.993090 0.018955 -0.115815 1.558993 -0.013127 0.998618 0.050881 144.431244 0.116619 -0.049009 0.991967 2.752548 0.000000 0.000000 0.000000 1.000000
0.993652 0.014586 -0.111550 2.357512 -0.010144 0.999137 0.040281 144.758209 0.112041 -0.038894 0.992942 2.827610 0.000000 0.000000 0.000000 1.000000
0.994729 0.011665 -0.101869 3.343739 -0.008955 0.999595 0.027017 145.024704 0.102142 -0.025962 0.994431 3.096807 0.000000 0.000000 0.000000 1.000000
0.996014 0.010896 -0.088526 4.379817 -0.009905 0.999883 0.011623 145.165543 0.088643 -0.010700 0.996006 3.607797 0.000000 0.000000 0.000000 1.000000
0.997128 0.014485 -0.074340 5.477011 -0.014706 0.999889 -0.002429 145.164139 0.074296 0.003515 0.997230 4.225556 0.000000 0.000000 0.000000 1.000000
0.997815 0.022583 -0.062085 6.748026 -0.023239 0.999681 -0.009855 145.111221 0.061843 0.011276 0.998022 4.700689 0.000000 0.000000 0.000000 1.000000
0.998024 0.031871 -0.054146 8.193197 -0.032333 0.999448 -0.007670 145.047379 0.053872 0.009406 0.998504 4.915446 0.000000 0.000000 0.000000 1.000000
0.997989 0.039415 -0.049633 9.634455 -0.039420 0.999222 0.000873 144.947418 0.049629 0.001085 0.998767 5.015873 0.000000 0.000000 0.000000 1.000000
0.998076 0.044540 -0.043133 10.877229 -0.044196 0.998983 0.008886 144.866287 0.043485 -0.006963 0.999030 5.222734 0.000000 0.000000 0.000000 1.000000
0.998402 0.047711 -0.030276 11.841223 -0.047368 0.998806 0.011938 144.866028 0.030809 -0.010485 0.999470 5.600107 0.000000 0.000000 0.000000 1.000000
0.998672 0.049836 -0.013022 12.551374 -0.049705 0.998711 0.010266 144.945511 0.013517 -0.009605 0.999863 6.070678 0.000000 0.000000 0.000000 1.000000
0.998654 0.051792 0.002692 13.067625 -0.051809 0.998633 0.006890 145.050003 -0.002331 -0.007020 0.999973 6.523953 0.000000 0.000000 0.000000 1.000000
0.998496 0.053409 0.012370 13.416607 -0.053468 0.998559 0.004556 145.124695 -0.012109 -0.005210 0.999913 6.888098 0.000000 0.000000 0.000000 1.000000
0.998426 0.054088 0.014847 13.575936 -0.054149 0.998526 0.003727 145.165421 -0.014624 -0.004525 0.999883 7.157602 0.000000 0.000000 0.000000 1.000000
0.998479 0.054045 0.010907 13.516581 -0.054088 0.998530 0.003645 145.200333 -0.010694 -0.004230 0.999934 7.354939 0.000000 0.000000 0.000000 1.000000
0.998567 0.053490 0.001905 13.228175 -0.053498 0.998558 0.004532 145.230469 -0.001659 -0.004627 0.999988 7.466590 0.000000 0.000000 0.000000 1.000000
0.998641 0.051011 -0.010655 12.719667 -0.050932 0.998673 0.007575 145.233093 0.011028 -0.007022 0.999915 7.462204 0.000000 0.000000 0.000000 1.000000
0.998631 0.045115 -0.026473 12.013529 -0.044779 0.998911 0.013122 145.175720 0.027037 -0.011919 0.999563 7.374303 0.000000 0.000000 0.000000 1.000000
0.998182 0.037446 -0.047224 11.117654 -0.036529 0.999130 0.020135 145.048431 0.047937 -0.018373 0.998681 7.289089 0.000000 0.000000 0.000000 1.000000
0.996770 0.031415 -0.073911 9.987395 -0.029455 0.999189 0.027466 144.856674 0.074714 -0.025200 0.996887 7.224120 0.000000 0.000000 0.000000 1.000000
0.994211 0.028071 -0.103715 8.558770 -0.024586 0.999094 0.034729 144.596436 0.104596 -0.031978 0.994001 7.081901 0.000000 0.000000 0.000000 1.000000
0.991215 0.025146 -0.129850 6.841181 -0.019907 0.998941 0.041492 144.265350 0.130755 -0.038542 0.990665 6.763074 0.000000 0.000000 0.000000 1.000000
0.989253 0.019785 -0.144867 4.946265 -0.013259 0.998859 0.045876 143.885300 0.145610 -0.043462 0.988387 6.331605 0.000000 0.000000 0.000000 1.000000
0.989105 0.011724 -0.146743 3.065151 -0.005187 0.998980 0.044847 143.583939 0.147119 -0.043597 0.988158 5.990798 0.000000 0.000000 0.000000 1.000000
0.989748 0.003202 -0.142786 1.347852 0.001937 0.999356 0.035842 143.491592 0.142809 -0.035751 0.989104 5.826576 0.000000 0.000000 0.000000 1.000000
0.989470 -0.003094 -0.144706 -0.076677 0.006054 0.999781 0.020020 143.520645 0.144612 -0.020685 0.989272 5.669927 0.000000 0.000000 0.000000 1.000000
0.987596 -0.005475 -0.156922 -1.154940 0.006099 0.999975 0.003495 143.587418 0.156899 -0.004409 0.987605 5.342795 0.000000 0.000000 0.000000 1.000000
0.985288 -0.002967 -0.170876 -1.916462 0.001615 0.999966 -0.008047 143.676788 0.170894 0.007652 0.985260 4.812909 0.000000 0.000000 0.000000 1.000000
0.984983 0.002183 -0.172635 -2.519130 -0.004657 0.999892 -0.013928 143.760757 0.172586 0.014522 0.984887 4.135591 0.000000 0.000000 0.000000 1.000000
0.987718 0.004689 -0.156177 -3.109838 -0.007184 0.999855 -0.015419 143.873718 0.156082 0.016352 0.987609 3.355183 0.000000 0.000000 0.000000 1.000000
0.991850 0.002923 -0.127375 -3.761680 -0.004468 0.999920 -0.011845 143.864975 0.127331 0.012317 0.991784 2.505564 0.000000 0.000000 0.000000 1.000000
0.995492 0.001851 -0.094826 -4.444661 -0.001987 0.999997 -0.001335 143.609619 0.094823 0.001517 0.995493 1.661157 0.000000 0.000000 0.000000 1.000000
0.998214 0.006368 -0.059404 -5.085479 -0.005464 0.999867 0.015363 143.110886 0.059494 -0.015011 0.998116 0.899418 0.000000 0.000000 0.000000 1.000000
0.999810 0.014263 -0.013261 -5.585226 -0.013837 0.999402 0.031697 142.474243 0.013705 -0.031507 0.999410 0.290181 0.000000 0.000000 0.000000 1.000000
0.998521 0.019317 0.050814 -5.799554 -0.021332 0.998995 0.039409 141.818115 -0.050002 -0.040434 0.997930 -0.105306 0.000000 0.000000 0.000000 1.000000
0.991176 0.019219 0.131152 -5.713042 -0.024345 0.998997 0.037589 141.371597 -0.130298 -0.040450 0.990649 -0.272148 0.000000 0.000000 0.000000 1.000000
0.975568 0.016991 0.219038 -5.461828 -0.024912 0.999130 0.033452 141.290390 -0.218279 -0.038091 0.975143 -0.292089 0.000000 0.000000 0.000000 1.000000
0.952299 0.015748 0.304760 -5.166174 -0.026973 0.999103 0.032656 141.487549 -0.303973 -0.039319 0.951869 -0.227935 0.000000 0.000000 0.000000 1.000000
0.924504 0.017248 0.380782 -4.920898 -0.032249 0.998933 0.033051 141.881119 -0.379805 -0.042836 0.924074 -0.056460 0.000000 0.000000 0.000000 1.000000
0.896739 0.022882 0.441969 -4.689021 -0.039850 0.998781 0.029144 142.332870 -0.440763 -0.043747 0.896557 0.259308 0.000000 0.000000 0.000000 1.000000
0.873815 0.032818 0.485150 -4.456644 -0.048226 0.998650 0.019308 142.749741 -0.483861 -0.040268 0.874218 0.638086 0.000000 0.000000 0.000000 1.000000
0.859444 0.044331 0.509304 -4.308122 -0.056064 0.998397 0.007705 143.124939 -0.508146 -0.035176 0.860552 0.933721 0.000000 0.000000 0.000000 1.000000
0.854921 0.052910 0.516052 -4.363482 -0.062252 0.998060 0.000801 143.472336 -0.515009 -0.032810 0.856557 1.054032 0.000000 0.000000 0.000000 1.000000
0.859382 0.055370 0.508328 -4.677371 -0.066388 0.997788 0.003552 143.719986 -0.507006 -0.036799 0.861156 1.016517 0.000000 0.000000 0.000000 1.000000
0.872512 0.051338 0.485889 -5.199140 -0.068861 0.997459 0.018266 143.666733 -0.483716 -0.049396 0.873830 0.888079 0.000000 0.000000 0.000000 1.000000
0.895449 0.043407 0.443042 -5.824679 -0.069724 0.996627 0.043277 143.333221 -0.439669 -0.069643 0.895456 0.659016 0.000000 0.000000 0.000000 1.000000
0.926177 0.036774 0.375291 -6.477065 -0.068870 0.994990 0.072467 142.630859 -0.370746 -0.092964 0.924070 0.223438 0.000000 0.000000 0.000000 1.000000
0.956770 0.036829 0.288505 -7.195669 -0.067768 0.992877 0.097993 141.391663 -0.282841 -0.113308 0.952451 -0.447408 0.000000 0.000000 0.000000 1.000000
0.979192 0.043060 0.198316 -7.976312 -0.066645 0.991262 0.113830 139.761566 -0.191682 -0.124678 0.973506 -1.161180 0.000000 0.000000 0.000000 1.000000
0.991440 0.048242 0.121327 -8.792641 -0.062892 0.990782 0.119978 138.112427 -0.114420 -0.126581 0.985335 -1.712586 0.000000 0.000000 0.000000 1.000000
0.996819 0.046211 0.064939 -9.669120 -0.053950 0.990942 0.122975 136.768234 -0.058668 -0.126087 0.990283 -2.046772 0.000000 0.000000 0.000000 1.000000
0.999025 0.038285 0.021989 -10.652357 -0.040800 0.990879 0.128427 135.961487 -0.016872 -0.129199 0.991475 -2.178354 0.000000 0.000000 0.000000 1.000000
0.999293 0.030550 -0.021908 -11.720679 -0.027342 0.990581 0.134171 135.773529 0.025800 -0.133477 0.990716 -2.096218 0.000000 0.000000 0.000000 1.000000
0.997012 0.026649 -0.072506 -12.734059 -0.016654 0.990690 0.135116 136.101608 0.075431 -0.133505 0.988173 -1.760672 0.000000 0.000000 0.000000 1.000000
0.992340 0.025961 -0.120774 -13.531297 -0.009851 0.991184 0.132123 136.699265 0.123140 -0.129921 0.983848 -1.187728 0.000000 0.000000 0.000000 1.000000
0.987671 0.028021 -0.154016 -14.083825 -0.007991 0.991591 0.129167 137.333694 0.156340 -0.126344 0.979589 -0.484603 0.000000 0.000000 0.000000 1.000000
0.985030 0.034061 -0.168983 -14.513595 -0.012707 0.991965 0.125872 137.872971 0.171913 -0.121840 0.977548 0.214318 0.000000 0.000000 0.000000 1.000000
0.984105 0.044116 -0.172023 -14.917939 -0.023512 0.992493 0.120017 138.257721 0.176026 -0.114065 0.977755 0.797756 0.000000 0.000000 0.000000 1.000000
0.983640 0.054939 -0.171564 -15.281058 -0.035674 0.992906 0.113424 138.530624 0.176578 -0.105448 0.978622 1.204174 0.000000 0.000000 0.000000 1.000000
0.982940 0.062927 -0.172828 -15.476946 -0.044328 0.993004 0.109440 138.679642 0.178506 -0.099912 0.978853 1.417232 0.000000 0.000000 0.000000 1.000000
0.981613 0.067567 -0.178522 -15.487711 -0.048670 0.992938 0.108192 138.654297 0.184571 -0.097514 0.977970 1.453258 0.000000 0.000000 0.000000 1.000000
0.978898 0.071830 -0.191308 -15.397523 -0.051790 0.992826 0.107775 138.443954 0.197677 -0.095593 0.975595 1.320636 0.000000 0.000000 0.000000 1.000000
0.973783 0.078906 -0.213356 -15.262670 -0.057122 0.992680 0.106415 138.102158 0.220191 -0.091437 0.971162 1.074229 0.000000 0.000000 0.000000 1.000000
0.965619 0.087266 -0.244877 -15.111130 -0.063784 0.992712 0.102250 137.765106 0.252015 -0.083115 0.964147 0.889025 0.000000 0.000000 0.000000 1.000000
0.954163 0.090336 -0.285328 -14.897862 -0.065869 0.993369 0.094231 137.486862 0.291948 -0.071117 0.953786 0.910826 0.000000 0.000000 0.000000 1.000000
0.938326 0.083926 -0.335411 -14.603973 -0.058547 0.994651 0.085092 137.251404 0.340758 -0.060207 0.938221 1.121458 0.000000 0.000000 0.000000 1.000000
0.915368 0.073705 -0.395814 -14.265558 -0.044668 0.995623 0.082096 136.837143 0.400132 -0.057468 0.914654 1.337326 0.000000 0.000000 0.000000 1.000000
0.883889 0.070406 -0.462366 -13.926514 -0.031020 0.995253 0.092249 136.092743 0.466666 -0.067195 0.881877 1.402577 0.000000 0.000000 0.000000 1.000000
0.848187 0.079328 -0.523724 -13.591536 -0.021843 0.993119 0.115052 134.975540 0.529247 -0.086146 0.844083 1.296613 0.000000 0.000000 0.000000 1.000000
0.817334 0.095284 -0.568231 -13.259853 -0.016213 0.989643 0.142628 133.591415 0.575936 -0.107362 0.810414 1.163523 0.000000 0.000000 0.000000 1.000000
0.799351 0.109058 -0.590885 -12.948766 -0.011348 0.985955 0.166624 132.210556 0.600758 -0.126485 0.789362 1.105086 0.000000 0.000000 0.000000 1.000000
0.798384 0.115506 -0.590967 -12.696239 -0.007329 0.983221 0.182272 131.163391 0.602104 -0.141192 0.785834 1.097390 0.000000 0.000000 0.000000 1.000000
0.815072 0.114237 -0.567986 -12.515579 -0.005234 0.981780 0.189951 130.718430 0.579337 -0.151851 0.800818 1.020457 0.000000 0.000000 0.000000 1.000000
0.845726 0.107519 -0.522673 -12.391930 -0.004843 0.980997 0.193964 131.070007 0.533595 -0.161509 0.830176 0.759107 0.000000 0.000000 0.000000 1.000000
0.882259 0.098236 -0.460401 -12.239450 -0.006372 0.980388 0.196975 132.119293 0.470722 -0.170849 0.865582 0.307196 0.000000 0.000000 0.000000 1.000000
0.916177 0.087965 -0.391002 -11.974730 -0.010000 0.980329 0.197115 133.513748 0.400650 -0.176682 0.899035 -0.212816 0.000000 0.000000 0.000000 1.000000
0.942571 0.076385 -0.325153 -11.535046 -0.013349 0.981336 0.191839 134.915390 0.333738 -0.176481 0.925999 -0.687333 0.000000 0.000000 0.000000 1.000000
0.959944 0.063791 -0.272832 -10.842685 -0.013502 0.983138 0.182364 136.152405 0.279865 -0.171376 0.944619 -1.128169 0.000000 0.000000 0.000000 1.000000
0.968248 0.054289 -0.244028 -9.860729 -0.011467 0.984753 0.173581 137.154388 0.249730 -0.165271 0.954107 -1.608979 0.000000 0.000000 0.000000 1.000000
0.968112 0.053530 -0.244731 -8.696730 -0.011662 0.985475 0.169418 137.915207 0.250246 -0.161161 0.954675 -2.096464 0.000000 0.000000 0.000000 1.000000
0.961096 0.062207 -0.269119 -7.507236 -0.016476 0.985486 0.168958 138.414688 0.275723 -0.157951 0.948171 -2.457426 0.000000 0.000000 0.000000 1.000000
0.950280 0.074311 -0.302400 -6.430036 -0.023448 0.985427 0.168473 138.623016 0.310513 -0.153006 0.938174 -2.625416 0.000000 0.000000 0.000000 1.000000
0.938723 0.083296 -0.334456 -5.541883 -0.028031 0.985595 0.166786 138.571960 0.343530 -0.147191 0.927535 -2.679532 0.000000 0.000000 0.000000 1.000000
0.926522 0.088241 -0.365747 -4.905774 -0.028219 0.985668 0.166321 138.412552 0.375182 -0.143779 0.915733 -2.715508 0.000000 0.000000 0.000000 1.000000
0.911796 0.092816 -0.400017 -4.584733 -0.026351 0.985339 0.168563 138.259460 0.409797 -0.143154 0.900874 -2.740067 0.000000 0.000000 0.000000 1.000000
0.894053 0.099759 -0.436712 -4.624079 -0.025822 0.984744 0.172084 138.123566 0.447217 -0.142576 0.882989 -2.733095 0.000000 0.000000 0.000000 1.000000
0.874871 0.108377 -0.472075 -5.045288 -0.027157 0.984088 0.175593 137.989319 0.483593 -0.140801 0.863894 -2.711254 0.000000 0.000000 0.000000 1.000000
0.856037 0.117428 -0.503400 -5.802794 -0.028737 0.983160 0.180474 137.803482 0.516115 -0.140026 0.844996 -2.678944 0.000000 0.000000 0.000000 1.000000
0.838407 0.127394 -0.529948 -6.804207 -0.029862 0.981577 0.188718 137.466690 0.544226 -0.142397 0.826765 -2.636459 0.000000 0.000000 0.000000 1.000000
0.822374 0.139081 -0.551686 -7.939278 -0.031332 0.979261 0.200168 136.877029 0.568084 -0.147327 0.809676 -2.604397 0.000000 0.000000 0.000000 1.000000
0.808114 0.151751 -0.569143 -9.115466 -0.032788 0.976334 0.213767 136.019287 0.588113 -0.154087 0.793965 -2.635935 0.000000 0.000000 0.000000 1.000000
0.795323 0.163544 -0.583708 -10.301354 -0.031977 0.972897 0.229017 134.994186 0.605342 -0.163477 0.778997 -2.758283 0.000000 0.000000 0.000000 1.000000
0.784134 0.172401 -0.596164 -11.524578 -0.027629 0.969384 0.243989 133.978760 0.619976 -0.174849 0.764891 -2.921638 0.000000 0.000000 0.000000 1.000000
0.776565 0.175988 -0.604959 -12.826434 -0.021129 0.966930 0.254165 133.166351 0.629683 -0.184593 0.754603 -3.042021 0.000000 0.000000 0.000000 1.000000
0.775913 0.171378 -0.607115 -14.229918 -0.013865 0.966792 0.255189 132.730209 0.630688 -0.189587 0.752522 -3.088180 0.000000 0.000000 0.000000 1.000000
0.784697 0.155990 -0.599931 -15.691011 -0.004893 0.969348 0.245644 132.854797 0.619860 -0.189821 0.761408 -3.081006 0.000000 0.000000 0.000000 1.000000
0.804183 0.129923 -0.580009 -17.090574 0.006689 0.973778 0.227403 133.635941 0.594345 -0.186754 0.782226 -3.002493 0.000000 0.000000 0.000000 1.000000
0.834670 0.095925 -0.542333 -18.216206 0.020101 0.978753 0.204053 134.933929 0.550384 -0.181218 0.815008 -2.788291 0.000000 0.000000 0.000000 1.000000
0.873848 0.055853 -0.482981 -18.935228 0.035405 0.983433 0.177783 136.523346 0.484909 -0.172455 0.857393 -2.402403 0.000000 0.000000 0.000000 1.000000
0.915356 0.010092 -0.402518 -19.262634 0.054422 0.987411 0.148517 138.213058 0.398950 -0.157852 0.903284 -1.848447 0.000000 0.000000 0.000000 1.000000
0.950867 -0.037200 -0.307355 -19.224333 0.076697 0.990113 0.117443 139.728882 0.299948 -0.135246 0.944320 -1.157460 0.000000 0.000000 0.000000 1.000000
0.974737 -0.076004 -0.210027 -18.900253 0.096642 0.991260 0.089800 140.791534 0.201367 -0.107829 0.973563 -0.382210 0.000000 0.000000 0.000000 1.000000
0.987168 -0.098088 -0.126011 -18.289782 0.107618 0.991642 0.071172 141.437485 0.117977 -0.083820 0.989472 0.318360 0.000000 0.000000 0.000000 1.000000
0.992533 -0.102432 -0.066232 -17.482611 0.106587 0.992333 0.062567 141.894623 0.059315 -0.069159 0.995841 0.790528 0.000000 0.000000 0.000000 1.000000
0.995181 -0.092460 -0.032639 -16.557858 0.094312 0.993691 0.060693 142.203583 0.026821 -0.063478 0.997623 0.946012 0.000000 0.000000 0.000000 1.000000
0.997236 -0.071050 -0.021723 -15.644745 0.072251 0.995539 0.060670 142.217575 0.017315 -0.062072 0.997921 0.801979 0.000000 0.000000 0.000000 1.000000
0.998746 -0.039067 -0.031302 -14.922416 0.040907 0.997331 0.060476 141.725677 0.028856 -0.061680 0.997679 0.410155 0.000000 0.000000 0.000000 1.000000
0.998250 -0.000845 -0.059137 -14.589393 0.004657 0.997917 0.064338 140.656204 0.058960 -0.064501 0.996174 -0.236397 0.000000 0.000000 0.000000 1.000000
0.994935 0.033866 -0.094642 -14.604042 -0.026421 0.996538 0.078835 139.067673 0.096985 -0.075935 0.992385 -1.173566 0.000000 0.000000 0.000000 1.000000
0.991242 0.054601 -0.120238 -14.722448 -0.041969 0.993566 0.105193 136.991180 0.125208 -0.099225 0.987156 -2.378883 0.000000 0.000000 0.000000 1.000000
0.990717 0.055091 -0.124273 -14.867688 -0.037713 0.989702 0.138088 134.656998 0.130601 -0.132119 0.982592 -3.727122 0.000000 0.000000 0.000000 1.000000
0.993369 0.036570 -0.109002 -15.082678 -0.017550 0.985186 0.170589 132.382675 0.113626 -0.167545 0.979295 -5.025809 0.000000 0.000000 0.000000 1.000000
0.996266 0.006796 -0.086072 -15.376188 0.010492 0.979979 0.198823 130.484787 0.085700 -0.198983 0.976248 -6.090993 0.000000 0.000000 0.000000 1.000000
0.997479 -0.025856 -0.066085 -15.663718 0.040041 0.973920 0.223332 129.163544 0.058587 -0.225415 0.972500 -6.851213 0.000000 0.000000 0.000000 1.000000
0.997028 -0.056541 -0.052329 -15.862950 0.067720 0.967056 0.245389 128.467087 0.036731 -0.248203 0.968011 -7.366809 0.000000 0.000000 0.000000 1.000000
0.995730 -0.082537 -0.041347 -16.002832 0.090531 0.960684 0.262470 128.346527 0.018058 -0.265093 0.964054 -7.763365 0.000000 0.000000 0.000000 1.000000
0.994459 -0.102001 -0.025453 -16.151556 0.105081 0.957080 0.270105 128.603455 -0.003190 -0.271283 0.962494 -8.105321 0.000000 0.000000 0.000000 1.000000
0.993395 -0.114666 0.004302 -16.375509 0.109314 0.957093 0.268372 129.015793 -0.034891 -0.266129 0.963306 -8.388361 0.000000 0.000000 0.000000 1.000000
0.991228 -0.120903 0.053389 -16.701870 0.102881 0.959416 0.262556 129.415588 -0.082966 -0.254760 0.963439 -8.617348 0.000000 0.000000 0.000000 1.000000
0.985415 -0.120780 0.119876 -17.142830 0.086855 0.962755 0.256043 129.715759 -0.146336 -0.241897 0.959204 -8.797451 0.000000 0.000000 0.000000 1.000000
0.974015 -0.114522 0.195396 -17.689569 0.064279 0.967044 0.246363 129.942947 -0.217170 -0.227401 0.949276 -8.874765 0.000000 0.000000 0.000000 1.000000
0.957554 -0.103324 0.269098 -18.239742 0.040504 0.972517 0.229284 130.179855 -0.285393 -0.208652 0.935423 -8.777004 0.000000 0.000000 0.000000 1.000000
0.939236 -0.089507 0.331398 -18.633142 0.021119 0.978646 0.204467 130.548187 -0.342622 -0.185044 0.921069 -8.507560 0.000000 0.000000 0.000000 1.000000
0.923353 -0.074502 0.376654 -18.702162 0.007817 0.984438 0.175558 131.138245 -0.383872 -0.159158 0.909567 -8.134110 0.000000 0.000000 0.000000 1.000000
0.913008 -0.058053 0.403790 -18.359852 -0.002137 0.989129 0.147038 131.977661 -0.407936 -0.135110 0.902958 -7.701708 0.000000 0.000000 0.000000 1.000000
0.908862 -0.040495 0.415126 -17.644487 -0.011680 0.992414 0.122381 133.013748 -0.416933 -0.116076 0.901495 -7.242394 0.000000 0.000000 0.000000 1.000000
0.909788 -0.024405 0.414355 -16.694113 -0.020572 0.994392 0.103740 134.105606 -0.414563 -0.102905 0.904184 -6.844913 0.000000 0.000000 0.000000 1.000000
0.913550 -0.013322 0.406509 -15.688289 -0.026419 0.995409 0.091992 135.105988 -0.405868 -0.094779 0.909004 -6.602303 0.000000 0.000000 0.000000 1.000000
0.916528 -0.009376 0.399860 -14.751560 -0.027603 0.995859 0.086623 135.929718 -0.399017 -0.090430 0.912474 -6.477765 0.000000 0.000000 0.000000 1.000000
0.914884 -0.010837 0.403572 -13.957129 -0.025740 0.996040 0.085100 136.612610 -0.402896 -0.088244 0.910982 -6.315113 0.000000 0.000000 0.000000 1.000000
0.906927 -0.011851 0.421121 -13.383138 -0.025194 0.996289 0.082296 137.251831 -0.420534 -0.085246 0.903263 -5.998897 0.000000 0.000000 0.000000 1.000000
0.893622 -0.007111 0.448765 -13.090485 -0.028537 0.996951 0.072623 137.838837 -0.447913 -0.077704 0.890694 -5.591592 0.000000 0.000000 0.000000 1.000000
0.877280 0.004301 0.479959 -13.108173 -0.034628 0.997921 0.054350 138.279999 -0.478727 -0.064301 0.875606 -5.279455 0.000000 0.000000 0.000000 1.000000
0.861297 0.020206 0.507700 -13.472266 -0.041478 0.998670 0.030620 138.473007 -0.506406 -0.047432 0.860990 -5.210491 0.000000 0.000000 0.000000 1.000000
0.850970 0.037212 0.523895 -14.159698 -0.047712 0.998840 0.006553 138.339050 -0.523043 -0.030572 0.851758 -5.419992 0.000000 0.000000 0.000000 1.000000
0.852375 0.049670 0.520567 -15.064781 -0.051153 0.998624 -0.011527 137.995590 -0.520424 -0.016803 0.853743 -5.869876 0.000000 0.000000 0.000000 1.000000
0.868111 0.051328 0.493709 -16.010887 -0.050481 0.998611 -0.015057 137.663406 -0.493796 -0.011852 0.869497 -6.519813 0.000000 0.000000 0.000000 1.000000
0.893776 0.042943 0.446453 -16.860544 -0.048050 0.998845 0.000118 137.347839 -0.445933 -0.021557 0.894807 -7.358895 0.000000 0.000000 0.000000 1.000000
0.920148 0.034501 0.390047 -17.538260 -0.048262 0.998508 0.025534 136.857712 -0.388585 -0.042319 0.920441 -8.322377 0.000000 0.000000 0.000000 1.000000
0.940870 0.033090 0.337148 -18.101854 -0.051682 0.997589 0.046317 136.078644 -0.334802 -0.061003 0.940312 -9.298728 0.000000 0.000000 0.000000 1.000000
0.955782 0.036598 0.291790 -18.592922 -0.055151 0.996928 0.055611 135.113007 -0.288858 -0.069244 0.954864 -10.184105 0.000000 0.000000 0.000000 1.000000
0.967218 0.040804 0.250647 -19.020008 -0.056946 0.996721 0.057488 134.154541 -0.247479 -0.069876 0.966370 -10.939910 0.000000 0.000000 0.000000 1.000000
0.976074 0.044873 0.212759 -19.415928 -0.058491 0.996593 0.058147 133.320175 -0.209425 -0.069201 0.975373 -11.575287 0.000000 0.000000 0.000000 1.000000
0.981911 0.048982 0.182897 -19.835173 -0.060840 0.996355 0.059796 132.753265 -0.179301 -0.069842 0.981312 -12.072448 0.000000 0.000000 0.000000 1.000000
0.984471 0.052221 0.167602 -20.224758 -0.063261 0.996118 0.061214 132.549301 -0.163755 -0.070866 0.983952 -12.387856 0.000000 0.000000 0.000000 1.000000
0.983595 0.053838 0.172171 -20.519794 -0.065081 0.996054 0.060339 132.737671 -0.168243 -0.070554 0.983217 -12.509817 0.000000 0.000000 0.000000 1.000000
0.978288 0.053839 0.200137 -20.654705 -0.066292 0.996225 0.056045 133.242233 -0.196364 -0.068095 0.978164 -12.440945 0.000000 0.000000 0.000000 1.000000
0.966934 0.050551 0.249967 -20.490528 -0.064874 0.996670 0.049391 133.939178 -0.246638 -0.063974 0.966994 -12.153034 0.000000 0.000000 0.000000 1.000000
0.948987 0.040973 0.312642 -19.893568 -0.057334 0.997415 0.043316 134.779144 -0.310059 -0.059031 0.948883 -11.578100 0.000000 0.000000 0.000000 1.000000
0.925629 0.026276 0.377520 -18.879398 -0.044229 0.998261 0.038963 135.741714 -0.375840 -0.052762 0.925181 -10.657159 0.000000 0.000000 0.000000 1.000000
0.898557 0.013077 0.438663 -17.594442 -0.030673 0.998983 0.033051 136.655884 -0.437784 -0.043153 0.898044 -9.463019 0.000000 0.000000 0.000000 1.000000
0.870320 0.005878 0.492451 -16.217171 -0.019322 0.999566 0.022216 137.256897 -0.492107 -0.028850 0.870057 -8.262555 0.000000 0.000000 0.000000 1.000000
0.845209 0.002234 0.534430 -14.952242 -0.007962 0.999933 0.008412 137.467072 -0.534376 -0.011365 0.845171 -7.362920 0.000000 0.000000 0.000000 1.000000
0.825726 -0.001971 0.564068 -13.953845 0.004162 0.999988 -0.002599 137.406403 -0.564056 0.004494 0.825724 -6.821398 0.000000 0.000000 0.000000 1.000000
0.808685 -0.007152 0.588199 -13.233447 0.013144 0.999896 -0.005912 137.237946 -0.588095 0.012512 0.808695 -6.397718 0.000000 0.000000 0.000000 1.000000
0.789830 -0.011748 0.613214 -12.727481 0.015447 0.999880 -0.000739 137.168259 -0.613132 0.010056 0.789917 -5.847274 0.000000 0.000000 0.000000 1.000000
0.771362 -0.015585 0.636206 -12.364804 0.012052 0.999879 0.009881 137.298843 -0.636282 0.000046 0.771456 -5.183705 0.000000 0.000000 0.000000 1.000000
0.760883 -0.020334 0.648571 -12.133553 0.007774 0.999723 0.022224 137.600159 -0.648843 -0.011868 0.760830 -4.532058 0.000000 0.000000 0.000000 1.000000
0.763840 -0.026585 0.644858 -12.032148 0.006763 0.999426 0.033191 137.962555 -0.645370 -0.020991 0.763582 -3.923007 0.000000 0.000000 0.000000 1.000000
0.778610 -0.032041 0.626690 -12.052419 0.008833 0.999156 0.040109 138.280472 -0.627446 -0.025694 0.778236 -3.338077 0.000000 0.000000 0.000000 1.000000
0.798243 -0.034003 0.601375 -12.160294 0.010720 0.999049 0.042259 138.496155 -0.602240 -0.027286 0.797849 -2.810789 0.000000 0.000000 0.000000 1.000000
0.816133 -0.033550 0.576889 -12.290452 0.011432 0.999055 0.041929 138.639053 -0.577751 -0.027625 0.815746 -2.382898 0.000000 0.000000 0.000000 1.000000
0.829693 -0.035494 0.557091 -12.379311 0.014631 0.999016 0.041859 138.841431 -0.558029 -0.026579 0.829396 -2.031785 0.000000 0.000000 0.000000 1.000000
0.839551 -0.042282 0.541632 -12.296607 0.023159 0.998846 0.042076 139.162018 -0.542786 -0.022781 0.839562 -1.697131 0.000000 0.000000 0.000000 1.000000
0.846828 -0.050137 0.529499 -11.897315 0.033932 0.998612 0.040289 139.522934 -0.530783 -0.016151 0.847354 -1.339856 0.000000 0.000000 0.000000 1.000000
0.851865 -0.053018 0.521072 -11.195245 0.041107 0.998562 0.034398 139.892700 -0.522147 -0.007883 0.852819 -0.934428 0.000000 0.000000 0.000000 1.000000
0.854906 -0.048423 0.516518 -10.333710 0.041888 0.998827 0.024308 140.250885 -0.517089 0.000855 0.855931 -0.455829 0.000000 0.000000 0.000000 1.000000
0.856896 -0.039194 0.513997 -9.504771 0.038563 0.999185 0.011902 140.549179 -0.514045 0.009622 0.857709 0.111377 0.000000 0.000000 0.000000 1.000000
0.859103 -0.029447 0.510955 -8.848262 0.035121 0.999382 -0.001455 140.778107 -0.510597 0.019195 0.859606 0.754559 0.000000 0.000000 0.000000 1.000000
0.862535 -0.020289 0.505590 -8.397796 0.033019 0.999323 -0.016229 140.925873 -0.504918 0.030692 0.862621 1.451549 0.000000 0.000000 0.000000 1.000000
0.867814 -0.010938 0.496769 -8.132030 0.031053 0.998997 -0.032252 141.016479 -0.495918 0.043415 0.867283 2.190865 0.000000 0.000000 0.000000 1.000000
0.874600 -0.001038 0.484844 -8.005692 0.027097 0.998539 -0.046741 141.035049 -0.484088 0.054018 0.873351 2.941064 0.000000 0.000000 0.000000 1.000000
0.880845 0.008371 0.473331 -8.025117 0.019987 0.998294 -0.054851 140.983246 -0.472983 0.057776 0.879175 3.676017 0.000000 0.000000 0.000000 1.000000
0.883357 0.012439 0.468536 -8.246202 0.011530 0.998769 -0.048254 140.943848 -0.468560 0.048028 0.882125 4.383210 0.000000 0.000000 0.000000 1.000000
0.879794 -0.000113 0.475354 -8.827474 0.007107 0.999891 -0.012916 140.949188 -0.475301 0.014742 0.879700 4.940468 0.000000 0.000000 0.000000 1.000000
0.870676 -0.040406 0.490195 -10.079400 0.012406 0.998107 0.060236 140.816071 -0.491701 -0.046364 0.869529 5.033575 0.000000 0.000000 0.000000 1.000000
0.859515 -0.101845 0.500861 -12.232971 0.026618 0.987536 0.155127 140.235733 -0.510417 -0.120002 0.851513 4.399114 0.000000 0.000000 0.000000 1.000000
0.851068 -0.155614 0.501465 -15.218393 0.038504 0.970997 0.235970 138.849274 -0.523641 -0.181518 0.832377 3.207583 0.000000 0.000000 0.000000 1.000000
0.848407 -0.172799 0.500345 -18.547043 0.032511 0.960443 0.276572 136.784821 -0.528345 -0.218380 0.820465 2.205591 0.000000 0.000000 0.000000 1.000000
0.849207 -0.143570 0.508168 -21.662380 0.000398 0.962504 0.271266 134.600082 -0.528060 -0.230158 0.817423 2.074027 0.000000 0.000000 0.000000 1.000000
0.846771 -0.076904 0.526369 -24.365908 -0.054472 0.971758 0.229607 132.925873 -0.529161 -0.223097 0.818667 2.754602 0.000000 0.000000 0.000000 1.000000
0.836673 0.008382 0.547639 -26.889563 -0.121178 0.977936 0.170165 132.289185 -0.534129 -0.208735 0.819229 3.706103 0.000000 0.000000 0.000000 1.000000
0.820292 0.094918 0.564014 -29.707420 -0.188233 0.976000 0.109513 132.742065 -0.540082 -0.195999 0.818471 4.463696 0.000000 0.000000 0.000000 1.000000
0.803195 0.169201 0.571181 -32.932152 -0.243891 0.968175 0.056158 133.524002 -0.543502 -0.184412 0.818900 4.825593 0.000000 0.000000 0.000000 1.000000
0.790898 0.223645 0.569617 -35.789867 -0.281597 0.959426 0.014296 134.284180 -0.543308 -0.171709 0.821786 4.818787 0.000000 0.000000 0.000000 1.000000
0.786998 0.255364 0.561626 -37.823689 -0.299782 0.953910 -0.013651 135.035049 -0.539227 -0.157622 0.827279 4.628806 0.000000 0.000000 0.000000 1.000000
0.791748 0.268305 0.548769 -38.920792 -0.303035 0.952553 -0.028514 135.317703 -0.530382 -0.143720 0.835488 4.399854 0.000000 0.000000 0.000000 1.000000
0.802043 0.272039 0.531717 -39.017414 -0.299734 0.953357 -0.035641 135.115707 -0.516611 -0.130788 0.846172 4.405122 0.000000 0.000000 0.000000 1.000000
0.814232 0.274936 0.511309 -38.448048 -0.295857 0.954308 -0.042005 135.318634 -0.499495 -0.117072 0.858370 4.732763 0.000000 0.000000 0.000000 1.000000
0.830002 0.273208 0.486265 -37.523899 -0.287032 0.956737 -0.047610 135.525650 -0.478235 -0.100057 0.872513 5.041148 0.000000 0.000000 0.000000 1.000000
0.850443 0.260621 0.456972 -36.127327 -0.272266 0.961324 -0.041566 135.767258 -0.450131 -0.089068 0.888509 5.045562 0.000000 0.000000 0.000000 1.000000
0.872318 0.231726 0.430539 -34.393753 -0.251286 0.967841 -0.011783 136.043076 -0.419424 -0.097910 0.902495 4.570896 0.000000 0.000000 0.000000 1.000000
0.889187 0.185479 0.418263 -31.888014 -0.222104 0.974195 0.040164 136.161697 -0.400020 -0.128611 0.907438 3.578191 0.000000 0.000000 0.000000 1.000000
0.902785 0.111163 0.415479 -28.246273 -0.168853 0.980067 0.104675 136.369156 -0.395561 -0.164654 0.903560 2.306436 0.000000 0.000000 0.000000 1.000000
0.917552 0.006993 0.397555 -24.154545 -0.085220 0.980069 0.179449 135.906952 -0.388377 -0.198533 0.899860 0.940721 0.000000 0.000000 0.000000 1.000000
0.933002 -0.111493 0.342166 -20.714912 0.017549 0.963762 0.266186 134.871063 -0.359444 -0.242347 0.901148 -0.198329 0.000000 0.000000 0.000000 1.000000
0.941731 -0.216339 0.257565 -17.863792 0.116031 0.927662 0.354936 133.592529 -0.315720 -0.304369 0.898710 -0.945920 0.000000 0.000000 0.000000 1.000000
0.938581 -0.290160 0.186741 -15.440335 0.188926 0.884995 0.425548 133.149185 -0.288742 -0.364131 0.885459 -1.338117 0.000000 0.000000 0.000000 1.000000
0.926808 -0.333987 0.171698 -13.320845 0.223972 0.858589 0.461152 133.920822 -0.301437 -0.388943 0.870551 -1.273838 0.000000 0.000000 0.000000 1.000000
0.910309 -0.349959 0.221056 -11.511436 0.222209 0.863726 0.452328 135.339920 -0.349228 -0.362638 0.864022 -0.651089 0.000000 0.000000 0.000000 1.000000
0.889978 -0.335540 0.308791 -10.121801 0.198555 0.894751 0.399995 136.836258 -0.410505 -0.294675 0.862932 0.259480 0.000000 0.000000 0.000000 1.000000
0.869356 -0.297578 0.394547 -8.892992 0.174313 0.931711 0.318636 138.286362 -0.462423 -0.208234 0.861861 1.073356 0.000000 0.000000 0.000000 1.000000
0.856448 -0.246228 0.453727 -7.646420 0.157032 0.961530 0.225390 139.335175 -0.491769 -0.121785 0.862167 1.599946 0.000000 0.000000 0.000000 1.000000
0.855326 -0.189826 0.482062 -6.683984 0.144215 0.980919 0.130384 140.021896 -0.497614 -0.042001 0.866381 1.754139 0.000000 0.000000 0.000000 1.000000
0.865247 -0.133829 0.483154 -6.154251 0.129191 0.990685 0.043051 140.215912 -0.484415 0.025169 0.874476 1.430753 0.000000 0.000000 0.000000 1.000000
0.883294 -0.087442 0.460592 -6.125616 0.112424 0.993293 -0.027026 140.255890 -0.455140 0.075653 0.887200 0.725555 0.000000 0.000000 0.000000 1.000000
0.906318 -0.051042 0.419503 -6.461554 0.090895 0.992990 -0.075556 140.203873 -0.412705 0.106608 0.904604 -0.198229 0.000000 0.000000 0.000000 1.000000
0.929562 -0.019252 0.368163 -7.096187 0.060820 0.992960 -0.101639 140.058975 -0.363614 0.116871 0.924189 -1.181478 0.000000 0.000000 0.000000 1.000000
0.946822 0.011762 0.321542 -7.980289 0.023133 0.994257 -0.104487 139.756531 -0.320924 0.106369 0.941113 -2.144427 0.000000 0.000000 0.000000 1.000000
0.953624 0.041709 0.298097 -9.060834 -0.016167 0.996021 -0.087641 139.408417 -0.300566 0.078758 0.950504 -3.007331 0.000000 0.000000 0.000000 1.000000
0.949367 0.068176 0.306682 -10.194849 -0.051059 0.996675 -0.063502 139.182205 -0.309992 0.044628 0.949691 -3.632445 0.000000 0.000000 0.000000 1.000000
0.936750 0.090171 0.338185 -11.264763 -0.078722 0.995767 -0.047450 139.139587 -0.341032 0.017826 0.939883 -3.874745 0.000000 0.000000 0.000000 1.000000
0.921589 0.108573 0.372675 -12.276800 -0.098780 0.994076 -0.045336 139.058441 -0.375389 0.004969 0.926854 -3.749834 0.000000 0.000000 0.000000 1.000000
0.910454 0.123138 0.394854 -13.248441 -0.112461 0.992389 -0.050171 138.716324 -0.398027 0.001273 0.917373 -3.459301 0.000000 0.000000 0.000000 1.000000
